RUNNING THE L-BFGS-B CODE

it    = iteration number
nf    = number of function evaluations
nseg  = number of segments explored during the Cauchy search
nact  = number of active bounds at the generalized Cauchy point
sub   = manner in which the subspace minimization terminated:
        con = converged, bnd = a bound was reached
itls  = number of iterations performed in the line search
stepl = step length used
tstep = norm of the displacement (total step)
projg = norm of the projected gradient
f     = function value

           * * *

Machine precision = 2.220D-16
 N =         3289     M =           10

   it   nf  nseg  nact  sub  itls  stepl    tstep     projg        f
    0    1     -     -   -     -     -        -     2.336D+00  4.958D+01
    1    2     1     0  ---    0  3.3D-02  1.0D+00  1.498D+00  2.483D+01
    2    3     0     0  con    0  1.0D+00  1.6D+00  3.251D-01  6.244D+00
    3    4     0     0  con    0  1.0D+00  7.7D-01  1.691D-01  2.966D+00
    4    5     0     0  con    0  1.0D+00  8.1D-01  7.388D-02  1.289D+00
    5    6     0     0  con    0  1.0D+00  6.2D-01  3.230D-02  7.293D-01
    6    7     0     0  con    0  1.0D+00  4.6D-01  1.188D-02  5.598D-01
    7    8     0     0  con    0  1.0D+00  2.5D-01  3.294D-03  5.292D-01
    8    9     0     0  con    0  1.0D+00  8.7D-02  5.285D-04  5.267D-01
    9   10     0     0  con    0  1.0D+00  1.5D-02  2.971D-04  5.266D-01
   10   11     0     0  con    0  1.0D+00  4.5D-03  2.491D-04  5.266D-01
   11   12     0     0  con    0  1.0D+00  3.1D-02  1.940D-04  5.266D-01
   12   13     0     0  con    0  1.0D+00  4.2D-02  4.113D-04  5.265D-01
   13   14     0     0  con    0  1.0D+00  1.2D-01  8.718D-04  5.264D-01
   14   15     0     0  con    0  1.0D+00  4.2D-01  2.058D-03  5.262D-01
   15   16     0     0  con    0  1.0D+00  6.9D-01  2.885D-03  5.256D-01
   16   17     0     0  con    0  1.0D+00  1.7D+00  3.709D-03  5.243D-01
   17   18     0     0  con    0  1.0D+00  4.3D+00  3.813D-03  5.215D-01
   18   20     0     0  con    1  1.6D-01  1.0D+00  3.549D-03  5.209D-01
   19   21     0     0  con    0  1.0D+00  1.8D+00  1.702D-03  5.196D-01
   20   22     0     0  con    0  1.0D+00  3.0D-01  2.023D-04  5.193D-01
   21   23     0     0  con    0  1.0D+00  1.2D-01  2.255D-04  5.193D-01
   22   24     0     0  con    0  1.0D+00  4.0D-02  6.887D-05  5.193D-01
   23   25     0     0  con    0  1.0D+00  1.9D-02  5.315D-05  5.193D-01
   24   26     0     0  con    0  1.0D+00  7.2D-02  1.814D-04  5.193D-01
   25   27     0     0  con    0  1.0D+00  8.5D-02  3.279D-04  5.193D-01
   26   28     0     0  con    0  1.0D+00  1.5D-01  6.047D-04  5.192D-01
   27   29     0     0  con    0  1.0D+00  3.0D-01  8.974D-04  5.191D-01
   28   30     0     0  con    0  1.0D+00  6.7D-01  1.148D-03  5.189D-01
   29   31     0     0  con    0  1.0D+00  1.5D+00  1.464D-03  5.185D-01
   30   33     0     0  con    1  3.1D-01  1.0D+00  1.389D-03  5.183D-01
   31   34     0     0  con    0  1.0D+00  1.5D+00  9.301D-04  5.179D-01
   32   35     0     0  con    0  1.0D+00  7.0D-01  3.182D-04  5.177D-01
   33   36     0     0  con    0  1.0D+00  1.4D-01  3.366D-04  5.177D-01
   34   37     0     0  con    0  1.0D+00  1.5D-01  1.040D-04  5.176D-01
   35   38     0     0  con    0  1.0D+00  1.2D-02  7.177D-05  5.176D-01
   36   39     0     0  con    0  1.0D+00  4.3D-02  1.147D-04  5.176D-01
   37   40     0     0  con    0  1.0D+00  6.1D-02  1.872D-04  5.176D-01
   38   41     0     0  con    0  1.0D+00  1.9D-01  3.575D-04  5.176D-01
   39   42     0     0  con    0  1.0D+00  4.5D-01  6.653D-04  5.176D-01
   40   43     0     0  con    0  1.0D+00  6.2D-01  7.788D-04  5.175D-01
   41   44     0     0  con    0  1.0D+00  6.5D-01  5.615D-04  5.174D-01
   42   45     0     0  con    0  1.0D+00  8.8D-01  9.590D-04  5.174D-01
   43   46     0     0  con    0  1.0D+00  9.5D-02  4.005D-04  5.173D-01
   44   47     0     0  con    0  1.0D+00  1.6D-01  3.846D-04  5.173D-01
   45   48     0     0  con    0  1.0D+00  4.0D-01  6.429D-04  5.172D-01
   46   49     0     0  con    0  1.0D+00  4.7D-01  9.668D-04  5.170D-01
   47   50     0     0  con    0  1.0D+00  1.2D+00  1.802D-03  5.166D-01
   48   51     0     0  con    0  1.0D+00  2.8D+00  2.043D-03  5.165D-01
   49   52     0     0  con    0  1.0D+00  9.5D-02  1.636D-03  5.158D-01
   50   53     0     0  con    0  1.0D+00  1.4D+00  1.033D-03  5.154D-01
   51   54     0     0  con    0  1.0D+00  1.5D+00  1.336D-03  5.150D-01
   52   55     0     0  con    0  1.0D+00  1.6D+00  9.415D-04  5.149D-01
   53   56     0     0  con    0  1.0D+00  5.4D-01  1.013D-03  5.147D-01
   54   57     0     0  con    0  1.0D+00  4.8D-01  1.040D-03  5.145D-01
   55   58     0     0  con    0  1.0D+00  1.1D+00  1.281D-03  5.142D-01
   56   59     0     0  con    0  1.0D+00  1.8D+00  1.487D-03  5.135D-01
   57   60     0     0  con    0  1.0D+00  5.0D+00  2.672D-03  5.124D-01
   58   61     0     0  con    0  1.0D+00  9.6D-01  1.866D-03  5.109D-01
   59   62     0     0  con    0  1.0D+00  2.7D+00  2.535D-03  5.088D-01
   60   63     0     0  con    0  1.0D+00  2.7D+00  2.637D-03  5.078D-01
   61   64     0     0  con    0  1.0D+00  2.2D+00  1.668D-03  5.075D-01
   62   65     0     0  con    0  1.0D+00  9.1D-01  4.464D-04  5.070D-01
   63   66     0     0  con    0  1.0D+00  3.4D-01  2.278D-04  5.069D-01
   64   67     0     0  con    0  1.0D+00  1.9D-01  1.797D-04  5.069D-01
   65   68     0     0  con    0  1.0D+00  2.2D-01  1.907D-04  5.069D-01
   66   69     0     0  con    0  1.0D+00  3.2D-01  1.050D-03  5.068D-01
   67   70     0     0  con    0  1.0D+00  5.9D-02  4.676D-04  5.067D-01
   68   71     0     0  con    0  1.0D+00  1.4D-01  5.276D-04  5.066D-01
   69   72     0     0  con    0  1.0D+00  3.9D-01  1.261D-03  5.063D-01
   70   73     0     0  con    0  1.0D+00  9.2D-01  2.561D-03  5.055D-01
   71   74     0     0  con    0  1.0D+00  2.0D+00  4.107D-03  5.040D-01
   72   75     0     0  con    0  1.0D+00  3.0D+00  5.005D-03  5.017D-01
   73   77     0     0  con    1  3.6D-01  1.3D+00  4.871D-03  5.008D-01
   74   78     0     0  con    0  1.0D+00  2.3D+00  3.056D-03  4.983D-01
   75   79     0     0  con    0  1.0D+00  9.8D-01  8.566D-04  4.973D-01
   76   80     0     0  con    0  1.0D+00  1.9D-01  4.219D-04  4.973D-01
   77   81     0     0  con    0  1.0D+00  1.5D-01  4.475D-04  4.972D-01
   78   82     0     0  con    0  1.0D+00  5.0D-01  4.795D-04  4.971D-01
   79   83     0     0  con    0  1.0D+00  6.4D-01  9.603D-04  4.971D-01
   80   84     0     0  con    0  1.0D+00  1.4D-01  5.570D-04  4.970D-01
   81   85     0     0  con    0  1.0D+00  8.7D-02  3.362D-04  4.970D-01
   82   86     0     0  con    0  1.0D+00  2.2D-01  2.883D-04  4.969D-01
   83   87     0     0  con    0  1.0D+00  2.3D-01  4.313D-04  4.969D-01
   84   88     0     0  con    0  1.0D+00  3.6D-01  7.072D-04  4.968D-01
   85   89     0     0  con    0  1.0D+00  7.8D-02  6.522D-04  4.968D-01
   86   90     0     0  con    0  1.0D+00  3.3D-01  5.566D-04  4.966D-01
   87   91     0     0  con    0  1.0D+00  5.1D-01  7.734D-04  4.964D-01
   88   92     0     0  con    0  1.0D+00  1.1D+00  9.460D-04  4.960D-01
   89   94     0     0  con    1  2.3D-01  5.0D-01  1.714D-03  4.959D-01
   90   95     0     0  con    0  1.0D+00  6.2D-01  6.753D-04  4.957D-01
   91   96     0     0  con    0  1.0D+00  2.5D-01  5.992D-04  4.956D-01
   92   97     0     0  con    0  1.0D+00  1.3D-01  3.875D-04  4.955D-01
   93   98     0     0  con    0  1.0D+00  2.6D-01  3.689D-04  4.955D-01
   94   99     0     0  con    0  1.0D+00  3.8D-01  5.343D-04  4.954D-01
   95  100     0     0  con    0  1.0D+00  3.3D-01  7.350D-04  4.952D-01
   96  101     0     0  con    0  1.0D+00  4.6D-01  9.389D-04  4.951D-01
   97  102     0     0  con    0  1.0D+00  5.0D-01  8.837D-04  4.949D-01
   98  103     0     0  con    0  1.0D+00  3.5D-01  9.383D-04  4.947D-01
   99  104     0     0  con    0  1.0D+00  3.9D-01  7.707D-04  4.946D-01
  100  105     0     0  con    0  1.0D+00  4.2D-01  1.048D-03  4.943D-01
  101  106     0     0  con    0  1.0D+00  1.0D+00  1.498D-03  4.939D-01
  102  107     0     0  con    0  1.0D+00  1.1D+00  1.326D-03  4.934D-01
  103  108     0     0  con    0  1.0D+00  1.8D+00  8.128D-04  4.927D-01
  104  109     0     0  con    0  1.0D+00  1.0D+00  1.639D-03  4.926D-01
  105  110     0     0  con    0  1.0D+00  3.7D-01  6.987D-04  4.924D-01
  106  111     0     0  con    0  1.0D+00  1.5D-01  6.406D-04  4.923D-01
  107  112     0     0  con    0  1.0D+00  6.4D-01  5.408D-04  4.921D-01
  108  113     0     0  con    0  1.0D+00  7.4D-01  5.836D-04  4.920D-01
  109  115     0     0  con    1  2.7D-01  2.7D-01  8.902D-04  4.919D-01
  110  116     0     0  con    0  1.0D+00  3.7D-01  2.069D-04  4.919D-01
  111  117     0     0  con    0  1.0D+00  8.9D-02  2.221D-04  4.918D-01
  112  118     0     0  con    0  1.0D+00  1.0D-01  3.782D-04  4.918D-01
  113  119     0     0  con    0  1.0D+00  1.3D-01  6.325D-04  4.917D-01
  114  120     0     0  con    0  1.0D+00  2.9D-01  8.982D-04  4.916D-01
  115  121     0     0  con    0  1.0D+00  6.5D-01  1.689D-03  4.912D-01
  116  122     0     0  con    0  1.0D+00  1.5D+00  2.580D-03  4.906D-01
  117  123     0     0  con    0  1.0D+00  1.8D+00  3.054D-03  4.896D-01
  118  124     0     0  con    0  1.0D+00  2.1D+00  2.274D-03  4.885D-01
  119  125     0     0  con    0  1.0D+00  8.9D-01  1.149D-03  4.879D-01
  120  126     0     0  con    0  1.0D+00  5.7D-01  3.253D-04  4.876D-01
  121  127     0     0  con    0  1.0D+00  2.6D-01  3.480D-04  4.875D-01
  122  128     0     0  con    0  1.0D+00  3.5D-01  4.395D-04  4.875D-01
  123  129     0     0  con    0  1.0D+00  4.8D-01  5.259D-04  4.874D-01
  124  130     0     0  con    0  1.0D+00  4.7D-01  5.063D-04  4.873D-01
  125  131     0     0  con    0  1.0D+00  3.4D-01  2.254D-04  4.873D-01
  126  132     0     0  con    0  1.0D+00  1.6D-01  4.966D-04  4.872D-01
  127  133     0     0  con    0  1.0D+00  1.3D-01  5.718D-04  4.872D-01
  128  134     0     0  con    0  1.0D+00  1.9D-01  6.091D-04  4.871D-01
  129  135     0     0  con    0  1.0D+00  5.2D-01  9.361D-04  4.869D-01
  130  136     0     0  con    0  1.0D+00  6.4D-01  1.962D-03  4.867D-01
  131  137     0     0  con    0  1.0D+00  3.6D-01  1.386D-03  4.863D-01
  132  138     0     0  con    0  1.0D+00  1.4D+00  1.031D-03  4.853D-01
  133  139     0     0  con    0  1.0D+00  1.3D+00  9.291D-04  4.848D-01
  134  141     0     0  con    1  5.0D-01  1.1D+00  2.078D-03  4.846D-01
  135  142     0     0  con    0  1.0D+00  1.0D+00  7.881D-04  4.842D-01
  136  143     0     0  con    0  1.0D+00  3.6D-01  7.290D-04  4.841D-01
  137  144     0     0  con    0  1.0D+00  1.8D-01  5.603D-04  4.841D-01
  138  145     0     0  con    0  1.0D+00  1.3D-01  3.212D-04  4.840D-01
  139  146     0     0  con    0  1.0D+00  1.7D-01  3.904D-04  4.840D-01
  140  147     0     0  con    0  1.0D+00  3.3D-01  7.459D-04  4.839D-01
  141  148     0     0  con    0  1.0D+00  4.0D-01  1.021D-03  4.838D-01
  142  149     0     0  con    0  1.0D+00  2.3D-01  9.028D-04  4.837D-01
  143  150     0     0  con    0  1.0D+00  5.4D-01  6.287D-04  4.835D-01
  144  151     0     0  con    0  1.0D+00  5.4D-01  9.460D-04  4.833D-01
  145  152     0     0  con    0  1.0D+00  6.2D-01  9.464D-04  4.831D-01
  146  153     0     0  con    0  1.0D+00  5.4D-01  1.036D-03  4.828D-01
  147  154     0     0  con    0  1.0D+00  4.1D-01  8.577D-04  4.826D-01
  148  155     0     0  con    0  1.0D+00  4.2D-01  8.450D-04  4.823D-01
  149  156     0     0  con    0  1.0D+00  1.5D+00  1.037D-03  4.815D-01
  150  158     0     0  con    1  3.8D-01  1.1D+00  1.761D-03  4.812D-01
  151  159     0     0  con    0  1.0D+00  7.6D-01  8.695D-04  4.808D-01
  152  160     0     0  con    0  1.0D+00  8.3D-01  5.350D-04  4.806D-01
  153  161     0     0  con    0  1.0D+00  1.6D-01  3.543D-04  4.806D-01
  154  162     0     0  con    0  1.0D+00  8.7D-02  2.028D-04  4.806D-01
  155  163     0     0  con    0  1.0D+00  1.7D-01  3.344D-04  4.805D-01
  156  164     0     0  con    0  1.0D+00  6.4D-02  4.747D-04  4.805D-01
  157  165     0     0  con    0  1.0D+00  5.5D-02  4.438D-04  4.805D-01
  158  166     0     0  con    0  1.0D+00  7.8D-01  8.556D-04  4.802D-01
  159  168     0     0  con    1  4.4D-01  3.1D-01  7.397D-04  4.802D-01
  160  169     0     0  con    0  1.0D+00  3.1D-01  6.499D-04  4.801D-01
  161  170     0     0  con    0  1.0D+00  3.3D-01  4.164D-04  4.800D-01
  162  171     0     0  con    0  1.0D+00  1.6D-01  3.086D-04  4.800D-01
  163  172     0     0  con    0  1.0D+00  2.3D-01  2.561D-04  4.799D-01
  164  173     0     0  con    0  1.0D+00  5.4D-01  9.907D-04  4.799D-01
  165  174     0     0  con    0  1.0D+00  2.4D-01  3.645D-04  4.798D-01
  166  175     0     0  con    0  1.0D+00  1.5D-01  3.838D-04  4.797D-01
  167  176     0     0  con    0  1.0D+00  3.8D-01  7.080D-04  4.797D-01
  168  177     0     0  con    0  1.0D+00  3.0D-01  1.383D-03  4.796D-01
  169  178     0     0  con    0  1.0D+00  9.8D-02  7.373D-04  4.795D-01
  170  179     0     0  con    0  1.0D+00  3.8D-01  7.716D-04  4.794D-01
  171  180     0     0  con    0  1.0D+00  7.7D-01  9.023D-04  4.792D-01
  172  181     0     0  con    0  1.0D+00  1.3D+00  9.512D-04  4.789D-01
  173  183     0     0  con    1  2.0D-01  7.0D-01  1.401D-03  4.788D-01
  174  184     0     0  con    0  1.0D+00  1.1D+00  6.663D-04  4.785D-01
  175  185     0     0  con    0  1.0D+00  5.3D-01  8.997D-04  4.783D-01
  176  186     0     0  con    0  1.0D+00  6.4D-01  1.025D-03  4.781D-01
  177  187     0     0  con    0  1.0D+00  6.4D-01  1.065D-03  4.779D-01
  178  188     0     0  con    0  1.0D+00  4.3D-01  7.432D-04  4.778D-01
  179  189     0     0  con    0  1.0D+00  1.9D-01  3.944D-04  4.777D-01
  180  190     0     0  con    0  1.0D+00  2.1D-01  4.906D-04  4.777D-01
  181  191     0     0  con    0  1.0D+00  1.7D-01  4.521D-04  4.776D-01
  182  192     0     0  con    0  1.0D+00  2.2D-01  5.206D-04  4.776D-01
  183  193     0     0  con    0  1.0D+00  1.1D-01  4.808D-04  4.775D-01
  184  194     0     0  con    0  1.0D+00  3.2D-01  7.937D-04  4.774D-01
  185  195     0     0  con    0  1.0D+00  4.2D-01  1.107D-03  4.773D-01
  186  196     0     0  con    0  1.0D+00  9.7D-01  1.689D-03  4.769D-01
  187  197     0     0  con    0  1.0D+00  1.0D+00  1.966D-03  4.767D-01
  188  198     0     0  con    0  1.0D+00  3.6D-01  9.119D-04  4.765D-01
  189  199     0     0  con    0  1.0D+00  1.4D-01  3.220D-04  4.764D-01
  190  200     0     0  con    0  1.0D+00  7.3D-02  2.188D-04  4.764D-01
  191  201     0     0  con    0  1.0D+00  1.7D-01  3.010D-04  4.763D-01
  192  202     0     0  con    0  1.0D+00  3.0D-01  5.836D-04  4.762D-01
  193  203     0     0  con    0  1.0D+00  4.5D-01  8.670D-04  4.761D-01
  194  204     0     0  con    0  1.0D+00  2.8D-01  8.582D-04  4.760D-01
  195  205     0     0  con    0  1.0D+00  3.3D-01  9.310D-04  4.758D-01
  196  206     0     0  con    0  1.0D+00  3.9D-01  1.021D-03  4.757D-01
  197  207     0     0  con    0  1.0D+00  4.3D-01  1.021D-03  4.756D-01
  198  208     0     0  con    0  1.0D+00  1.2D-01  7.801D-04  4.756D-01
  199  209     0     0  con    0  1.0D+00  4.2D-02  5.151D-04  4.755D-01
  200  210     0     0  con    0  1.0D+00  1.0D-01  3.375D-04  4.755D-01
  201  211     0     0  con    0  1.0D+00  3.5D-01  6.212D-04  4.753D-01
  202  212     0     0  con    0  1.0D+00  7.3D-01  1.442D-03  4.751D-01
  203  213     0     0  con    0  1.0D+00  7.3D-01  9.465D-04  4.749D-01
  204  214     0     0  con    0  1.0D+00  4.1D-01  5.558D-04  4.748D-01
  205  215     0     0  con    0  1.0D+00  1.7D-01  6.495D-04  4.747D-01
  206  216     0     0  con    0  1.0D+00  1.4D-01  6.806D-04  4.747D-01
  207  217     0     0  con    0  1.0D+00  6.1D-01  6.981D-04  4.746D-01
  208  219     0     0  con    1  5.0D-01  3.2D-01  6.603D-04  4.745D-01
  209  220     0     0  con    0  1.0D+00  3.0D-01  4.224D-04  4.745D-01
  210  221     0     0  con    0  1.0D+00  1.3D-01  2.749D-04  4.745D-01
  211  222     0     0  con    0  1.0D+00  8.4D-02  1.788D-04  4.744D-01
  212  223     0     0  con    0  1.0D+00  2.3D-01  3.793D-04  4.744D-01
  213  224     0     0  con    0  1.0D+00  3.7D-01  7.307D-04  4.743D-01
  214  225     0     0  con    0  1.0D+00  3.2D-01  9.193D-04  4.742D-01
  215  226     0     0  con    0  1.0D+00  4.3D-01  1.040D-03  4.741D-01
  216  227     0     0  con    0  1.0D+00  5.3D-01  1.025D-03  4.739D-01
  217  228     0     0  con    0  1.0D+00  9.0D-01  7.980D-04  4.737D-01
  218  229     0     0  con    0  1.0D+00  1.6D+00  1.716D-03  4.735D-01
  219  230     0     0  con    0  1.0D+00  2.6D-01  4.091D-04  4.732D-01
  220  231     0     0  con    0  1.0D+00  2.5D-01  5.085D-04  4.731D-01
  221  232     0     0  con    0  1.0D+00  4.5D-01  7.225D-04  4.731D-01
  222  234     0     0  con    1  4.7D-01  4.4D-01  7.702D-04  4.730D-01
  223  235     0     0  con    0  1.0D+00  4.1D-01  4.284D-04  4.729D-01
  224  236     0     0  con    0  1.0D+00  2.9D-01  1.372D-04  4.729D-01
  225  237     0     0  con    0  1.0D+00  5.9D-02  1.586D-04  4.729D-01
  226  238     0     0  con    0  1.0D+00  4.2D-02  2.110D-04  4.729D-01
  227  239     0     0  con    0  1.0D+00  2.0D-01  7.347D-04  4.728D-01
  228  240     0     0  con    0  1.0D+00  3.2D-01  8.560D-04  4.727D-01
  229  241     0     0  con    0  1.0D+00  9.8D-01  1.395D-03  4.724D-01
  230  242     0     0  con    0  1.0D+00  2.5D+00  3.277D-03  4.721D-01
  231  243     0     0  con    0  1.0D+00  5.8D-01  1.702D-03  4.715D-01
  232  244     0     0  con    0  1.0D+00  1.2D+00  9.677D-04  4.710D-01
  233  245     0     0  con    0  1.0D+00  1.0D+00  7.930D-04  4.708D-01
  234  247     0     0  con    1  3.2D-01  2.0D-01  5.105D-04  4.708D-01
  235  248     0     0  con    0  1.0D+00  2.3D-01  3.740D-04  4.707D-01
  236  249     0     0  con    0  1.0D+00  5.3D-02  3.135D-04  4.707D-01
  237  250     0     0  con    0  1.0D+00  9.3D-02  4.432D-04  4.707D-01
  238  251     0     0  con    0  1.0D+00  1.5D-01  7.709D-04  4.706D-01
  239  252     0     0  con    0  1.0D+00  3.3D-01  1.097D-03  4.705D-01
  240  254     0     0  con    1  5.0D-01  4.7D-01  1.152D-03  4.704D-01
  241  255     0     0  con    0  1.0D+00  4.6D-01  9.062D-04  4.702D-01
  242  256     0     0  con    0  1.0D+00  2.8D-01  5.044D-04  4.701D-01
  243  257     0     0  con    0  1.0D+00  1.4D-01  4.074D-04  4.701D-01
  244  258     0     0  con    0  1.0D+00  6.3D-02  1.726D-04  4.701D-01
  245  259     0     0  con    0  1.0D+00  1.2D-01  1.765D-04  4.701D-01
  246  260     0     0  con    0  1.0D+00  2.2D-01  2.611D-04  4.700D-01
  247  261     0     0  con    0  1.0D+00  2.8D-01  3.290D-04  4.700D-01
  248  262     0     0  con    0  1.0D+00  8.2D-01  1.431D-03  4.700D-01
  249  263     0     0  con    0  1.0D+00  2.8D-01  4.401D-04  4.699D-01
  250  264     0     0  con    0  1.0D+00  7.8D-02  2.335D-04  4.698D-01
  251  265     0     0  con    0  1.0D+00  1.2D-01  2.978D-04  4.698D-01
  252  266     0     0  con    0  1.0D+00  4.7D-02  3.540D-04  4.698D-01
  253  267     0     0  con    0  1.0D+00  6.3D-02  3.966D-04  4.698D-01
  254  268     0     0  con    0  1.0D+00  3.4D-01  7.745D-04  4.697D-01
  255  269     0     0  con    0  1.0D+00  6.7D-01  1.226D-03  4.695D-01
  256  270     0     0  con    0  1.0D+00  1.4D+00  1.780D-03  4.692D-01
  257  271     0     0  con    0  1.0D+00  3.3D+00  2.175D-03  4.686D-01
  258  273     0     0  con    1  4.0D-01  1.7D+00  1.858D-03  4.684D-01
  259  274     0     0  con    0  1.0D+00  1.5D+00  1.127D-03  4.680D-01
  260  275     0     0  con    0  1.0D+00  1.6D-01  3.652D-04  4.678D-01
  261  276     0     0  con    0  1.0D+00  5.0D-02  2.398D-04  4.678D-01
  262  277     0     0  con    0  1.0D+00  1.1D-01  1.567D-04  4.678D-01
  263  278     0     0  con    0  1.0D+00  8.0D-02  2.169D-04  4.678D-01
  264  279     0     0  con    0  1.0D+00  7.1D-02  3.757D-04  4.677D-01
  265  280     0     0  con    0  1.0D+00  2.2D-01  5.843D-04  4.677D-01
  266  281     0     0  con    0  1.0D+00  4.9D-01  9.854D-04  4.676D-01
  267  282     0     0  con    0  1.0D+00  1.4D+00  1.307D-03  4.675D-01
  268  283     0     0  con    0  1.0D+00  2.4D-01  9.335D-04  4.672D-01
  269  284     0     0  con    0  1.0D+00  4.4D-01  4.886D-04  4.670D-01
  270  285     0     0  con    0  1.0D+00  2.0D-01  3.673D-04  4.670D-01
  271  286     0     0  con    0  1.0D+00  1.4D-01  5.444D-04  4.670D-01
  272  287     0     0  con    0  1.0D+00  3.8D-02  5.628D-04  4.669D-01
  273  288     0     0  con    0  1.0D+00  2.1D-01  6.046D-04  4.668D-01
  274  289     0     0  con    0  1.0D+00  3.7D-01  7.993D-04  4.667D-01
  275  290     0     0  con    0  1.0D+00  8.3D-01  1.088D-03  4.664D-01
  276  291     0     0  con    0  1.0D+00  1.2D+00  1.416D-03  4.662D-01
  277  292     0     0  con    0  1.0D+00  1.3D+00  1.254D-03  4.661D-01
  278  293     0     0  con    0  1.0D+00  6.6D-01  2.754D-04  4.660D-01
  279  294     0     0  con    0  1.0D+00  7.6D-02  1.434D-04  4.659D-01
  280  295     0     0  con    0  1.0D+00  2.1D-02  1.444D-04  4.659D-01
  281  296     0     0  con    0  1.0D+00  4.3D-02  2.201D-04  4.659D-01
  282  297     0     0  con    0  1.0D+00  1.2D-01  3.781D-04  4.659D-01
  283  298     0     0  con    0  1.0D+00  1.8D-01  4.926D-04  4.659D-01
  284  299     0     0  con    0  1.0D+00  3.6D-01  5.722D-04  4.658D-01
  285  301     0     0  con    1  4.7D-01  3.9D-01  9.357D-04  4.658D-01
  286  302     0     0  con    0  1.0D+00  4.9D-01  4.315D-04  4.657D-01
  287  303     0     0  con    0  1.0D+00  2.0D-01  3.384D-04  4.657D-01
  288  304     0     0  con    0  1.0D+00  8.2D-02  2.007D-04  4.657D-01
  289  305     0     0  con    0  1.0D+00  9.7D-02  2.817D-04  4.656D-01
  290  306     0     0  con    0  1.0D+00  1.4D-01  3.740D-04  4.656D-01
  291  307     0     0  con    0  1.0D+00  1.7D-01  5.350D-04  4.656D-01
  292  308     0     0  con    0  1.0D+00  7.5D-02  5.600D-04  4.656D-01
  293  309     0     0  con    0  1.0D+00  1.2D-01  4.327D-04  4.655D-01
  294  310     0     0  con    0  1.0D+00  1.5D-01  4.788D-04  4.655D-01
  295  311     0     0  con    0  1.0D+00  3.9D-01  6.803D-04  4.654D-01
  296  312     0     0  con    0  1.0D+00  3.6D-01  8.054D-04  4.653D-01
  297  313     0     0  con    0  1.0D+00  3.1D-01  8.192D-04  4.652D-01
  298  314     0     0  con    0  1.0D+00  8.2D-01  9.865D-04  4.650D-01
  299  315     0     0  con    0  1.0D+00  8.0D-01  8.630D-04  4.649D-01
  300  316     0     0  con    0  1.0D+00  2.1D-01  7.023D-04  4.647D-01
  301  317     0     0  con    0  1.0D+00  6.8D-01  3.675D-04  4.645D-01
  302  318     0     0  con    0  1.0D+00  6.8D-01  5.966D-04  4.644D-01
  303  319     0     0  con    0  1.0D+00  8.1D-01  7.974D-04  4.643D-01
  304  320     0     0  con    0  1.0D+00  8.8D-01  1.179D-03  4.641D-01
  305  321     0     0  con    0  1.0D+00  1.0D+00  1.282D-03  4.639D-01
  306  322     0     0  con    0  1.0D+00  2.7D+00  1.024D-03  4.635D-01
  307  323     0     0  con    0  1.0D+00  1.7D+00  1.411D-03  4.634D-01
  308  324     0     0  con    0  1.0D+00  3.7D-01  3.912D-04  4.632D-01
  309  325     0     0  con    0  1.0D+00  1.1D-01  3.125D-04  4.632D-01
  310  326     0     0  con    0  1.0D+00  4.5D-02  2.147D-04  4.632D-01
  311  327     0     0  con    0  1.0D+00  7.6D-02  1.189D-04  4.632D-01
  312  328     0     0  con    0  1.0D+00  1.7D-01  4.260D-04  4.632D-01
  313  329     0     0  con    0  1.0D+00  7.7D-02  3.504D-04  4.632D-01
  314  330     0     0  con    0  1.0D+00  1.5D-01  4.711D-04  4.631D-01
  315  331     0     0  con    0  1.0D+00  2.6D-01  5.360D-04  4.631D-01
  316  332     0     0  con    0  1.0D+00  4.0D-01  4.607D-04  4.630D-01
  317  334     0     0  con    1  4.8D-01  3.9D-01  4.848D-04  4.630D-01
  318  335     0     0  con    0  1.0D+00  1.8D-01  2.869D-04  4.629D-01
  319  336     0     0  con    0  1.0D+00  7.8D-02  2.164D-04  4.629D-01
  320  337     0     0  con    0  1.0D+00  3.6D-02  2.846D-04  4.629D-01
  321  338     0     0  con    0  1.0D+00  8.0D-02  3.579D-04  4.628D-01
  322  339     0     0  con    0  1.0D+00  2.1D-01  5.542D-04  4.628D-01
  323  340     0     0  con    0  1.0D+00  5.4D-01  1.075D-03  4.627D-01
  324  341     0     0  con    0  1.0D+00  3.6D-01  1.087D-03  4.625D-01
  325  342     0     0  con    0  1.0D+00  5.4D-01  7.391D-04  4.624D-01
  326  343     0     0  con    0  1.0D+00  3.8D-01  3.614D-04  4.623D-01
  327  345     0     0  con    1  5.2D-01  1.2D-01  2.737D-04  4.623D-01
  328  346     0     0  con    0  1.0D+00  4.6D-02  1.649D-04  4.623D-01
  329  347     0     0  con    0  1.0D+00  3.4D-02  1.159D-04  4.623D-01
  330  348     0     0  con    0  1.0D+00  3.8D-02  1.377D-04  4.623D-01
  331  349     0     0  con    0  1.0D+00  7.1D-02  2.898D-04  4.623D-01
  332  350     0     0  con    0  1.0D+00  5.7D-02  3.696D-04  4.622D-01
  333  351     0     0  con    0  1.0D+00  2.6D-01  5.046D-04  4.622D-01
  334  352     0     0  con    0  1.0D+00  4.5D-01  6.831D-04  4.621D-01
  335  353     0     0  con    0  1.0D+00  6.8D-01  8.333D-04  4.620D-01
  336  354     0     0  con    0  1.0D+00  2.4D-01  3.719D-04  4.619D-01
  337  355     0     0  con    0  1.0D+00  9.5D-02  4.187D-04  4.619D-01
  338  356     0     0  con    0  1.0D+00  1.0D-01  5.506D-04  4.619D-01
  339  357     0     0  con    0  1.0D+00  1.8D-01  6.770D-04  4.619D-01
  340  358     0     0  con    0  1.0D+00  5.3D-01  7.849D-04  4.618D-01
  341  359     0     0  con    0  1.0D+00  1.0D+00  9.234D-04  4.616D-01
  342  360     0     0  con    0  1.0D+00  2.0D+00  1.571D-03  4.615D-01
  343  361     0     0  con    0  1.0D+00  1.5D-01  7.602D-04  4.613D-01
  344  362     0     0  con    0  1.0D+00  1.5D-01  5.427D-04  4.612D-01
  345  363     0     0  con    0  1.0D+00  2.1D-01  2.877D-04  4.612D-01
  346  364     0     0  con    0  1.0D+00  1.2D-01  1.656D-04  4.611D-01
  347  365     0     0  con    0  1.0D+00  2.0D-01  2.165D-04  4.611D-01
  348  366     0     0  con    0  1.0D+00  2.2D-02  1.575D-04  4.611D-01
  349  367     0     0  con    0  1.0D+00  3.1D-02  1.456D-04  4.611D-01
  350  368     0     0  con    0  1.0D+00  6.7D-02  2.094D-04  4.611D-01
  351  369     0     0  con    0  1.0D+00  1.5D-01  3.261D-04  4.611D-01
  352  370     0     0  con    0  1.0D+00  3.2D-01  3.830D-04  4.610D-01
  353  372     0     0  con    1  5.0D-01  2.5D-01  4.332D-04  4.610D-01
  354  373     0     0  con    0  1.0D+00  1.7D-01  3.674D-04  4.610D-01
  355  374     0     0  con    0  1.0D+00  7.4D-02  3.644D-04  4.610D-01
  356  375     0     0  con    0  1.0D+00  9.0D-02  3.766D-04  4.609D-01
  357  376     0     0  con    0  1.0D+00  2.4D-01  5.198D-04  4.609D-01
  358  377     0     0  con    0  1.0D+00  3.3D-01  6.453D-04  4.609D-01
  359  378     0     0  con    0  1.0D+00  2.4D-01  3.894D-04  4.608D-01
  360  379     0     0  con    0  1.0D+00  8.4D-02  3.199D-04  4.608D-01
  361  380     0     0  con    0  1.0D+00  2.5D-02  2.486D-04  4.608D-01
  362  381     0     0  con    0  1.0D+00  4.1D-02  1.810D-04  4.608D-01
  363  382     0     0  con    0  1.0D+00  1.3D-01  2.394D-04  4.608D-01
  364  383     0     0  con    0  1.0D+00  1.2D-01  3.990D-04  4.608D-01
  365  384     0     0  con    0  1.0D+00  2.5D-02  3.399D-04  4.607D-01
  366  385     0     0  con    0  1.0D+00  7.6D-02  2.748D-04  4.607D-01
  367  386     0     0  con    0  1.0D+00  2.1D-01  3.121D-04  4.607D-01
  368  387     0     0  con    0  1.0D+00  6.5D-01  6.173D-04  4.606D-01
  369  388     0     0  con    0  1.0D+00  1.4D+00  8.942D-04  4.604D-01
  370  389     0     0  con    0  1.0D+00  2.5D+00  1.157D-03  4.602D-01
  371  391     0     0  con    1  4.6D-01  1.6D+00  1.008D-03  4.600D-01
  372  392     0     0  con    0  1.0D+00  5.0D-01  5.001D-04  4.598D-01
  373  393     0     0  con    0  1.0D+00  2.4D-01  2.555D-04  4.598D-01
  374  394     0     0  con    0  1.0D+00  8.1D-02  1.696D-04  4.598D-01
  375  395     0     0  con    0  1.0D+00  6.6D-02  2.210D-04  4.598D-01
  376  396     0     0  con    0  1.0D+00  3.7D-01  3.042D-04  4.597D-01
  377  398     0     0  con    1  2.2D-01  1.7D-01  3.026D-04  4.597D-01
  378  399     0     0  con    0  1.0D+00  3.4D-01  2.571D-04  4.597D-01
  379  400     0     0  con    0  1.0D+00  3.7D-01  1.637D-04  4.597D-01
  380  401     0     0  con    0  1.0D+00  3.5D-01  3.546D-04  4.597D-01
  381  402     0     0  con    0  1.0D+00  3.7D-01  4.990D-04  4.596D-01
  382  403     0     0  con    0  1.0D+00  3.5D-01  5.218D-04  4.596D-01
  383  404     0     0  con    0  1.0D+00  5.0D-01  6.263D-04  4.595D-01
  384  405     0     0  con    0  1.0D+00  1.3D-01  1.679D-04  4.595D-01
  385  406     0     0  con    0  1.0D+00  1.3D-01  9.474D-05  4.595D-01
  386  407     0     0  con    0  1.0D+00  6.5D-02  7.240D-05  4.595D-01
  387  408     0     0  con    0  1.0D+00  8.9D-02  1.887D-04  4.595D-01
  388  409     0     0  con    0  1.0D+00  1.3D-01  3.346D-04  4.595D-01
  389  410     0     0  con    0  1.0D+00  1.5D-01  4.351D-04  4.594D-01
  390  411     0     0  con    0  1.0D+00  4.7D-01  5.186D-04  4.594D-01
  391  412     0     0  con    0  1.0D+00  3.4D-01  4.510D-04  4.594D-01
  392  413     0     0  con    0  1.0D+00  4.7D-02  3.443D-04  4.593D-01
  393  414     0     0  con    0  1.0D+00  8.1D-02  3.929D-04  4.593D-01
  394  415     0     0  con    0  1.0D+00  7.7D-02  4.985D-04  4.593D-01
  395  416     0     0  con    0  1.0D+00  1.7D-01  5.474D-04  4.593D-01
  396  417     0     0  con    0  1.0D+00  6.6D-01  7.314D-04  4.592D-01
  397  418     0     0  con    0  1.0D+00  4.8D-01  7.621D-04  4.591D-01
  398  419     0     0  con    0  1.0D+00  9.7D-01  6.811D-04  4.590D-01
  399  420     0     0  con    0  1.0D+00  1.1D+00  5.185D-04  4.590D-01
  400  422     0     0  con    1  4.0D-01  7.4D-01  4.564D-04  4.589D-01
  401  423     0     0  con    0  1.0D+00  6.0D-01  4.921D-04  4.589D-01
  402  424     0     0  con    0  1.0D+00  4.2D-01  7.005D-04  4.588D-01
  403  425     0     0  con    0  1.0D+00  6.2D-01  9.224D-04  4.587D-01
  404  426     0     0  con    0  1.0D+00  1.0D+00  8.392D-04  4.586D-01
  405  427     0     0  con    0  1.0D+00  3.2D-01  3.464D-04  4.585D-01
  406  428     0     0  con    0  1.0D+00  8.1D-02  1.722D-04  4.585D-01
  407  429     0     0  con    0  1.0D+00  5.5D-02  9.836D-05  4.585D-01
  408  430     0     0  con    0  1.0D+00  1.6D-02  7.900D-05  4.585D-01
  409  431     0     0  con    0  1.0D+00  6.6D-02  1.679D-04  4.585D-01
  410  432     0     0  con    0  1.0D+00  1.7D-01  2.159D-04  4.585D-01
  411  433     0     0  con    0  1.0D+00  4.3D-01  3.788D-04  4.585D-01
  412  434     0     0  con    0  1.0D+00  8.4D-01  5.995D-04  4.584D-01
  413  435     0     0  con    0  1.0D+00  8.7D-01  5.879D-04  4.584D-01
  414  437     0     0  con    1  4.8D-01  7.4D-01  5.020D-04  4.583D-01
  415  438     0     0  con    0  1.0D+00  4.3D-01  2.796D-04  4.583D-01
  416  439     0     0  con    0  1.0D+00  1.4D-01  3.774D-04  4.583D-01
  417  440     0     0  con    0  1.0D+00  5.0D-01  6.174D-04  4.582D-01
  418  441     0     0  con    0  1.0D+00  4.5D-01  9.229D-04  4.582D-01
  419  442     0     0  con    0  1.0D+00  1.0D-01  6.312D-04  4.581D-01
  420  443     0     0  con    0  1.0D+00  3.0D-01  4.292D-04  4.580D-01
  421  444     0     0  con    0  1.0D+00  4.0D-01  3.616D-04  4.580D-01
  422  445     0     0  con    0  1.0D+00  3.3D-01  3.016D-04  4.580D-01
  423  446     0     0  con    0  1.0D+00  1.1D-01  2.285D-04  4.579D-01
  424  447     0     0  con    0  1.0D+00  8.0D-02  5.801D-05  4.579D-01
  425  448     0     0  con    0  1.0D+00  1.4D-02  5.185D-05  4.579D-01
  426  449     0     0  con    0  1.0D+00  1.3D-01  1.197D-04  4.579D-01
  427  450     0     0  con    0  1.0D+00  2.1D-01  2.064D-04  4.579D-01
  428  451     0     0  con    0  1.0D+00  6.3D-01  3.673D-04  4.579D-01
  429  452     0     0  con    0  1.0D+00  1.1D+00  4.628D-04  4.578D-01
  430  453     0     0  con    0  1.0D+00  1.6D+00  6.557D-04  4.578D-01
  431  454     0     0  con    0  1.0D+00  8.9D-02  2.436D-04  4.578D-01
  432  455     0     0  con    0  1.0D+00  1.4D-01  2.518D-04  4.577D-01
  433  456     0     0  con    0  1.0D+00  7.3D-02  2.514D-04  4.577D-01
  434  457     0     0  con    0  1.0D+00  2.4D-01  3.546D-04  4.577D-01
  435  458     0     0  con    0  1.0D+00  2.8D-01  5.702D-04  4.577D-01
  436  459     0     0  con    0  1.0D+00  5.0D-01  8.679D-04  4.576D-01
  437  460     0     0  con    0  1.0D+00  1.3D+00  1.180D-03  4.574D-01
  438  461     0     0  con    0  1.0D+00  1.5D+00  1.257D-03  4.573D-01
  439  462     0     0  con    0  1.0D+00  6.9D-01  7.297D-04  4.571D-01
  440  463     0     0  con    0  1.0D+00  4.0D-01  2.475D-04  4.570D-01
  441  464     0     0  con    0  1.0D+00  1.9D-01  2.508D-04  4.570D-01
  442  465     0     0  con    0  1.0D+00  4.8D-02  7.390D-05  4.570D-01
  443  466     0     0  con    0  1.0D+00  4.3D-02  8.731D-05  4.570D-01
  444  467     0     0  con    0  1.0D+00  8.1D-02  1.534D-04  4.570D-01
  445  468     0     0  con    0  1.0D+00  1.3D-01  2.370D-04  4.570D-01
  446  469     0     0  con    0  1.0D+00  3.7D-01  3.042D-04  4.570D-01
  447  470     0     0  con    0  1.0D+00  2.6D-01  2.921D-04  4.569D-01
  448  471     0     0  con    0  1.0D+00  1.2D-01  2.012D-04  4.569D-01
  449  472     0     0  con    0  1.0D+00  2.9D-01  3.002D-04  4.569D-01
  450  473     0     0  con    0  1.0D+00  1.5D-01  2.645D-04  4.569D-01
  451  474     0     0  con    0  1.0D+00  8.2D-02  2.584D-04  4.569D-01
  452  475     0     0  con    0  1.0D+00  7.1D-01  2.164D-04  4.568D-01
  453  476     0     0  con    0  1.0D+00  4.5D-01  1.800D-04  4.568D-01
  454  478     0     0  con    1  5.2D-01  3.3D-01  1.707D-04  4.568D-01
  455  479     0     0  con    0  1.0D+00  1.2D-01  9.437D-05  4.568D-01
  456  480     0     0  con    0  1.0D+00  2.7D-02  9.804D-05  4.568D-01
  457  481     0     0  con    0  1.0D+00  6.8D-02  1.903D-04  4.568D-01
  458  482     0     0  con    0  1.0D+00  1.9D-01  3.493D-04  4.568D-01
  459  483     0     0  con    0  1.0D+00  4.3D-01  5.433D-04  4.568D-01
  460  484     0     0  con    0  1.0D+00  8.9D-01  7.256D-04  4.567D-01
  461  485     0     0  con    0  1.0D+00  8.2D-01  6.029D-04  4.567D-01
  462  486     0     0  con    0  1.0D+00  5.0D-01  2.562D-04  4.566D-01
  463  487     0     0  con    0  1.0D+00  1.8D-01  4.759D-04  4.566D-01
  464  488     0     0  con    0  1.0D+00  1.2D-01  1.318D-04  4.566D-01
  465  489     0     0  con    0  1.0D+00  4.3D-02  1.013D-04  4.566D-01
  466  490     0     0  con    0  1.0D+00  1.3D-01  1.235D-04  4.566D-01
  467  491     0     0  con    0  1.0D+00  1.6D-01  2.490D-04  4.566D-01
  468  492     0     0  con    0  1.0D+00  6.6D-02  9.501D-05  4.566D-01
  469  493     0     0  con    0  1.0D+00  1.0D-01  1.066D-04  4.566D-01
  470  494     0     0  con    0  1.0D+00  6.0D-02  2.329D-04  4.566D-01
  471  495     0     0  con    0  1.0D+00  1.2D-01  4.287D-04  4.565D-01
  472  496     0     0  con    0  1.0D+00  3.3D-01  8.050D-04  4.565D-01
  473  497     0     0  con    0  1.0D+00  4.0D-01  1.018D-03  4.564D-01
  474  498     0     0  con    0  1.0D+00  6.2D-01  9.840D-04  4.563D-01
  475  500     0     0  con    1  1.6D-01  2.2D-01  8.677D-04  4.562D-01
  476  501     0     0  con    0  1.0D+00  4.6D-01  3.628D-04  4.561D-01
  477  502     0     0  con    0  1.0D+00  7.2D-02  1.069D-04  4.561D-01
  478  503     0     0  con    0  1.0D+00  4.7D-02  1.588D-04  4.561D-01
  479  504     0     0  con    0  1.0D+00  2.0D-02  7.610D-05  4.561D-01
  480  505     0     0  con    0  1.0D+00  3.8D-03  6.576D-05  4.561D-01
  481  506     0     0  con    0  1.0D+00  3.0D-02  1.322D-04  4.561D-01
  482  507     0     0  con    0  1.0D+00  5.5D-02  2.132D-04  4.561D-01
  483  508     0     0  con    0  1.0D+00  1.6D-01  3.705D-04  4.561D-01
  484  509     0     0  con    0  1.0D+00  3.8D-01  6.094D-04  4.561D-01
  485  510     0     0  con    0  1.0D+00  8.5D-01  8.716D-04  4.560D-01
  486  511     0     0  con    0  1.0D+00  2.9D-01  6.631D-04  4.559D-01
  487  512     0     0  con    0  1.0D+00  3.9D-01  2.461D-04  4.558D-01
  488  513     0     0  con    0  1.0D+00  9.7D-02  2.638D-04  4.558D-01
  489  514     0     0  con    0  1.0D+00  4.5D-02  1.825D-04  4.558D-01
  490  515     0     0  con    0  1.0D+00  2.5D-02  1.740D-04  4.558D-01
  491  516     0     0  con    0  1.0D+00  2.2D-01  2.291D-04  4.558D-01
  492  517     0     0  con    0  1.0D+00  1.9D-01  3.347D-04  4.558D-01
  493  518     0     0  con    0  1.0D+00  1.8D-01  1.534D-04  4.558D-01
  494  519     0     0  con    0  1.0D+00  4.0D-02  4.656D-05  4.558D-01
  495  520     0     0  con    0  1.0D+00  6.1D-02  9.063D-05  4.558D-01
  496  521     0     0  con    0  1.0D+00  3.4D-02  1.888D-04  4.558D-01
  497  522     0     0  con    0  1.0D+00  1.3D-01  4.090D-04  4.557D-01
  498  523     0     0  con    0  1.0D+00  2.1D-01  5.980D-04  4.557D-01
  499  524     0     0  con    0  1.0D+00  1.5D-01  5.008D-04  4.557D-01
  500  525     0     0  con    0  1.0D+00  2.4D-01  1.840D-04  4.557D-01
  501  526     0     0  con    0  1.0D+00  1.7D-01  3.740D-04  4.557D-01
  502  527     0     0  con    0  1.0D+00  1.2D-01  1.722D-04  4.556D-01
  503  528     0     0  con    0  1.0D+00  4.8D-01  2.147D-04  4.556D-01
  504  529     0     0  con    0  1.0D+00  6.4D-01  2.539D-04  4.556D-01
  505  531     0     0  con    1  4.3D-01  2.7D-01  2.982D-04  4.555D-01
  506  532     0     0  con    0  1.0D+00  3.9D-01  6.824D-05  4.555D-01
  507  533     0     0  con    0  1.0D+00  4.0D-02  7.561D-05  4.555D-01
  508  534     0     0  con    0  1.0D+00  5.3D-02  1.315D-04  4.555D-01
  509  535     0     0  con    0  1.0D+00  4.6D-02  1.931D-04  4.555D-01
  510  536     0     0  con    0  1.0D+00  1.0D-01  2.817D-04  4.555D-01
  511  537     0     0  con    0  1.0D+00  1.9D-01  3.860D-04  4.555D-01
  512  538     0     0  con    0  1.0D+00  4.1D-01  5.889D-04  4.555D-01
  513  539     0     0  con    0  1.0D+00  3.0D-01  2.823D-04  4.554D-01
  514  540     0     0  con    0  1.0D+00  2.7D-01  2.135D-04  4.554D-01
  515  541     0     0  con    0  1.0D+00  1.7D-01  1.665D-04  4.554D-01
  516  542     0     0  con    0  1.0D+00  5.5D-02  1.441D-04  4.554D-01
  517  543     0     0  con    0  1.0D+00  1.1D-01  1.601D-04  4.554D-01
  518  544     0     0  con    0  1.0D+00  1.6D-01  2.713D-04  4.554D-01
  519  545     0     0  con    0  1.0D+00  2.1D-01  4.401D-04  4.554D-01
  520  546     0     0  con    0  1.0D+00  4.3D-01  6.369D-04  4.554D-01
  521  547     0     0  con    0  1.0D+00  6.8D-01  6.990D-04  4.553D-01
  522  548     0     0  con    0  1.0D+00  3.4D-01  5.396D-04  4.553D-01
  523  549     0     0  con    0  1.0D+00  4.0D-01  2.440D-04  4.552D-01
  524  550     0     0  con    0  1.0D+00  1.7D-01  3.571D-04  4.552D-01
  525  551     0     0  con    0  1.0D+00  7.4D-02  1.596D-04  4.552D-01
  526  552     0     0  con    0  1.0D+00  1.2D-01  1.142D-04  4.552D-01
  527  553     0     0  con    0  1.0D+00  8.4D-02  1.580D-04  4.552D-01
  528  554     0     0  con    0  1.0D+00  2.4D-01  2.095D-04  4.552D-01
  529  556     0     0  con    1  4.7D-01  2.4D-01  2.046D-04  4.551D-01
  530  557     0     0  con    0  1.0D+00  7.3D-02  9.919D-05  4.551D-01
  531  558     0     0  con    0  1.0D+00  5.7D-02  9.127D-05  4.551D-01
  532  559     0     0  con    0  1.0D+00  1.1D-02  9.772D-05  4.551D-01
  533  560     0     0  con    0  1.0D+00  3.1D-02  1.341D-04  4.551D-01
  534  561     0     0  con    0  1.0D+00  1.2D-01  2.364D-04  4.551D-01
  535  562     0     0  con    0  1.0D+00  2.2D-01  3.675D-04  4.551D-01
  536  563     0     0  con    0  1.0D+00  4.5D-01  5.229D-04  4.551D-01
  537  564     0     0  con    0  1.0D+00  2.6D-01  3.347D-04  4.550D-01
  538  565     0     0  con    0  1.0D+00  1.9D-01  1.167D-04  4.550D-01
  539  566     0     0  con    0  1.0D+00  7.6D-02  1.230D-04  4.550D-01
  540  567     0     0  con    0  1.0D+00  9.4D-02  1.643D-04  4.550D-01
  541  568     0     0  con    0  1.0D+00  5.8D-01  3.667D-04  4.549D-01
  542  569     0     0  con    0  1.0D+00  8.4D-01  4.423D-04  4.549D-01
  543  570     0     0  con    0  1.0D+00  2.0D-01  3.645D-04  4.549D-01
  544  571     0     0  con    0  1.0D+00  1.8D-01  1.949D-04  4.549D-01
  545  572     0     0  con    0  1.0D+00  1.3D-01  1.737D-04  4.549D-01
  546  573     0     0  con    0  1.0D+00  1.8D-01  2.209D-04  4.549D-01
  547  574     0     0  con    0  1.0D+00  1.5D-01  2.645D-04  4.549D-01
  548  575     0     0  con    0  1.0D+00  4.1D-02  2.247D-04  4.549D-01
  549  576     0     0  con    0  1.0D+00  2.0D-01  2.395D-04  4.548D-01
  550  577     0     0  con    0  1.0D+00  2.3D-01  2.873D-04  4.548D-01
  551  578     0     0  con    0  1.0D+00  1.2D-01  1.737D-04  4.548D-01
  552  579     0     0  con    0  1.0D+00  2.5D-01  2.566D-04  4.548D-01
  553  580     0     0  con    0  1.0D+00  4.4D-02  2.511D-04  4.548D-01
  554  581     0     0  con    0  1.0D+00  4.5D-02  2.438D-04  4.548D-01
  555  582     0     0  con    0  1.0D+00  4.2D-01  3.358D-04  4.547D-01
  556  583     0     0  con    0  1.0D+00  5.5D-01  4.529D-04  4.547D-01
  557  585     0     0  con    1  4.0D-01  2.3D-01  3.474D-04  4.547D-01
  558  586     0     0  con    0  1.0D+00  5.0D-01  1.486D-04  4.547D-01
  559  587     0     0  con    0  1.0D+00  1.0D-01  8.230D-05  4.547D-01
  560  588     0     0  con    0  1.0D+00  1.3D-01  8.066D-05  4.546D-01
  561  589     0     0  con    0  1.0D+00  8.3D-02  8.609D-05  4.546D-01
  562  590     0     0  con    0  1.0D+00  1.8D-01  9.747D-05  4.546D-01
  563  592     0     0  con    1  4.6D-01  1.1D-01  1.294D-04  4.546D-01
  564  593     0     0  con    0  1.0D+00  8.6D-02  1.102D-04  4.546D-01
  565  594     0     0  con    0  1.0D+00  1.1D-01  1.347D-04  4.546D-01
  566  595     0     0  con    0  1.0D+00  1.2D-01  1.145D-04  4.546D-01
  567  596     0     0  con    0  1.0D+00  2.0D-01  3.929D-04  4.546D-01
  568  597     0     0  con    0  1.0D+00  1.5D-01  4.002D-04  4.546D-01
  569  598     0     0  con    0  1.0D+00  3.9D-01  5.396D-04  4.545D-01
  570  599     0     0  con    0  1.0D+00  7.3D-01  6.336D-04  4.545D-01
  571  600     0     0  con    0  1.0D+00  1.1D+00  7.797D-04  4.544D-01
  572  601     0     0  con    0  1.0D+00  1.5D+00  1.218D-03  4.544D-01
  573  602     0     0  con    0  1.0D+00  3.7D-01  2.643D-04  4.543D-01
  574  603     0     0  con    0  1.0D+00  1.8D-01  1.034D-04  4.543D-01
  575  604     0     0  con    0  1.0D+00  1.2D-01  2.053D-04  4.543D-01
  576  605     0     0  con    0  1.0D+00  2.1D-01  3.482D-04  4.542D-01
  577  606     0     0  con    0  1.0D+00  1.4D-01  3.214D-04  4.542D-01
  578  607     0     0  con    0  1.0D+00  1.1D-01  2.087D-04  4.542D-01
  579  608     0     0  con    0  1.0D+00  7.8D-02  1.285D-04  4.542D-01
  580  609     0     0  con    0  1.0D+00  3.8D-02  2.012D-04  4.542D-01
  581  610     0     0  con    0  1.0D+00  1.1D-02  6.002D-05  4.542D-01
  582  611     0     0  con    0  1.0D+00  5.3D-03  5.444D-05  4.542D-01
  583  612     0     0  con    0  1.0D+00  1.4D-02  8.345D-05  4.542D-01
  584  613     0     0  con    0  1.0D+00  2.7D-02  1.330D-04  4.542D-01
  585  614     0     0  con    0  1.0D+00  1.1D-01  2.374D-04  4.542D-01
  586  615     0     0  con    0  1.0D+00  2.2D-01  3.627D-04  4.542D-01
  587  616     0     0  con    0  1.0D+00  2.5D-01  3.336D-04  4.542D-01
  588  618     0     0  con    1  4.8D-01  2.8D-01  3.942D-04  4.541D-01
  589  619     0     0  con    0  1.0D+00  2.4D-01  1.498D-04  4.541D-01
  590  620     0     0  con    0  1.0D+00  6.4D-02  9.807D-05  4.541D-01
  591  621     0     0  con    0  1.0D+00  3.5D-02  4.991D-05  4.541D-01
  592  622     0     0  con    0  1.0D+00  1.4D-02  7.673D-05  4.541D-01
  593  623     0     0  con    0  1.0D+00  3.4D-02  1.156D-04  4.541D-01
  594  624     0     0  con    0  1.0D+00  1.1D-01  2.273D-04  4.541D-01
  595  625     0     0  con    0  1.0D+00  1.4D-01  2.990D-04  4.541D-01
  596  626     0     0  con    0  1.0D+00  2.3D-01  3.528D-04  4.541D-01
  597  627     0     0  con    0  1.0D+00  6.5D-01  5.337D-04  4.541D-01
  598  628     0     0  con    0  1.0D+00  1.2D-01  2.682D-04  4.540D-01
  599  629     0     0  con    0  1.0D+00  1.5D-01  1.215D-04  4.540D-01
  600  630     0     0  con    0  1.0D+00  1.5D-01  8.279D-05  4.540D-01
  601  632     0     0  con    1  4.3D-01  1.8D-02  7.657D-05  4.540D-01
  602  633     0     0  con    0  1.0D+00  6.9D-03  5.165D-05  4.540D-01
  603  634     0     0  con    0  1.0D+00  5.2D-02  8.408D-05  4.540D-01
  604  635     0     0  con    0  1.0D+00  5.9D-02  1.530D-04  4.540D-01
  605  636     0     0  con    0  1.0D+00  1.6D-01  2.699D-04  4.540D-01
  606  637     0     0  con    0  1.0D+00  4.2D-01  4.513D-04  4.540D-01
  607  638     0     0  con    0  1.0D+00  5.3D-01  5.513D-04  4.539D-01
  608  639     0     0  con    0  1.0D+00  8.3D-01  5.476D-04  4.538D-01
  609  641     0     0  con    1  4.1D-01  5.0D-01  5.618D-04  4.538D-01
  610  642     0     0  con    0  1.0D+00  4.9D-01  1.901D-04  4.538D-01
  611  643     0     0  con    0  1.0D+00  1.3D-01  1.421D-04  4.538D-01
  612  644     0     0  con    0  1.0D+00  7.7D-02  9.171D-05  4.538D-01
  613  645     0     0  con    0  1.0D+00  2.2D-02  5.529D-05  4.538D-01
  614  646     0     0  con    0  1.0D+00  6.5D-02  6.752D-05  4.538D-01
  615  647     0     0  con    0  1.0D+00  5.6D-02  1.019D-04  4.538D-01
  616  648     0     0  con    0  1.0D+00  7.5D-02  1.516D-04  4.538D-01
  617  649     0     0  con    0  1.0D+00  2.0D-01  2.221D-04  4.537D-01
  618  651     0     0  con    1  4.0D-01  1.3D-01  2.332D-04  4.537D-01
  619  652     0     0  con    0  1.0D+00  1.0D-01  1.727D-04  4.537D-01
  620  653     0     0  con    0  1.0D+00  1.6D-01  1.108D-04  4.537D-01
  621  654     0     0  con    0  1.0D+00  6.4D-02  1.148D-04  4.537D-01
  622  655     0     0  con    0  1.0D+00  4.1D-02  1.280D-04  4.537D-01
  623  656     0     0  con    0  1.0D+00  1.9D-01  2.897D-04  4.537D-01
  624  657     0     0  con    0  1.0D+00  2.8D-01  4.532D-04  4.537D-01
  625  658     0     0  con    0  1.0D+00  2.6D-01  3.841D-04  4.537D-01
  626  659     0     0  con    0  1.0D+00  9.0D-01  4.561D-04  4.536D-01
  627  660     0     0  con    0  1.0D+00  6.6D-01  5.534D-04  4.536D-01
  628  661     0     0  con    0  1.0D+00  5.9D-02  1.907D-04  4.536D-01
  629  662     0     0  con    0  1.0D+00  7.4D-02  8.763D-05  4.536D-01
  630  663     0     0  con    0  1.0D+00  2.3D-02  3.790D-05  4.536D-01
  631  664     0     0  con    0  1.0D+00  2.9D-02  3.236D-05  4.536D-01
  632  665     0     0  con    0  1.0D+00  5.6D-02  5.292D-05  4.536D-01
  633  666     0     0  con    0  1.0D+00  1.4D-01  8.526D-05  4.536D-01
  634  668     0     0  con    1  3.4D-01  7.3D-02  1.070D-04  4.536D-01
  635  669     0     0  con    0  1.0D+00  8.3D-02  7.542D-05  4.536D-01
  636  670     0     0  con    0  1.0D+00  6.0D-02  6.131D-05  4.536D-01
  637  671     0     0  con    0  1.0D+00  1.2D-01  1.117D-04  4.536D-01
  638  672     0     0  con    0  1.0D+00  5.1D-02  1.821D-04  4.536D-01
  639  673     0     0  con    0  1.0D+00  1.1D-01  2.747D-04  4.535D-01
  640  674     0     0  con    0  1.0D+00  3.4D-01  3.612D-04  4.535D-01
  641  675     0     0  con    0  1.0D+00  2.1D-01  2.663D-04  4.535D-01
  642  676     0     0  con    0  1.0D+00  6.2D-02  1.286D-04  4.535D-01
  643  677     0     0  con    0  1.0D+00  1.1D-01  1.100D-04  4.535D-01
  644  678     0     0  con    0  1.0D+00  6.4D-02  1.473D-04  4.535D-01
  645  679     0     0  con    0  1.0D+00  3.5D-02  1.257D-04  4.535D-01
  646  680     0     0  con    0  1.0D+00  1.6D-01  1.523D-04  4.535D-01
  647  681     0     0  con    0  1.0D+00  1.8D-01  1.958D-04  4.535D-01
  648  682     0     0  con    0  1.0D+00  5.0D-01  2.530D-04  4.535D-01
  649  684     0     0  con    1  5.2D-01  3.1D-01  2.245D-04  4.534D-01
  650  685     0     0  con    0  1.0D+00  9.1D-02  9.386D-05  4.534D-01
  651  686     0     0  con    0  1.0D+00  3.4D-02  2.841D-05  4.534D-01
  652  687     0     0  con    0  1.0D+00  2.8D-02  3.433D-05  4.534D-01
  653  688     0     0  con    0  1.0D+00  1.1D-01  6.890D-05  4.534D-01
  654  689     0     0  con    0  1.0D+00  2.3D-01  1.002D-04  4.534D-01
  655  690     0     0  con    0  1.0D+00  3.6D-01  1.382D-04  4.534D-01
  656  691     0     0  con    0  1.0D+00  3.0D-02  5.233D-05  4.534D-01
  657  692     0     0  con    0  1.0D+00  2.3D-02  3.813D-05  4.534D-01
  658  693     0     0  con    0  1.0D+00  4.9D-02  8.164D-05  4.534D-01
  659  694     0     0  con    0  1.0D+00  9.1D-02  1.083D-04  4.534D-01
  660  695     0     0  con    0  1.0D+00  1.9D-01  1.637D-04  4.534D-01
  661  696     0     0  con    0  1.0D+00  3.0D-01  1.900D-04  4.534D-01
  662  697     0     0  con    0  1.0D+00  6.1D-02  1.315D-04  4.534D-01
  663  698     0     0  con    0  1.0D+00  4.4D-02  5.756D-05  4.534D-01
  664  699     0     0  con    0  1.0D+00  2.1D-02  4.812D-05  4.534D-01
  665  700     0     0  con    0  1.0D+00  4.2D-02  9.544D-05  4.534D-01
  666  701     0     0  con    0  1.0D+00  2.2D-02  9.699D-05  4.534D-01
  667  702     0     0  con    0  1.0D+00  3.0D-02  1.209D-04  4.534D-01
  668  703     0     0  con    0  1.0D+00  5.6D-02  1.532D-04  4.534D-01
  669  704     0     0  con    0  1.0D+00  1.1D-01  2.548D-04  4.534D-01
  670  705     0     0  con    0  1.0D+00  2.7D-01  3.899D-04  4.534D-01
  671  706     0     0  con    0  1.0D+00  4.2D-01  4.788D-04  4.533D-01
  672  707     0     0  con    0  1.0D+00  2.7D-01  3.454D-04  4.533D-01
  673  708     0     0  con    0  1.0D+00  1.9D-01  2.754D-04  4.533D-01
  674  709     0     0  con    0  1.0D+00  5.6D-02  7.840D-05  4.533D-01
  675  710     0     0  con    0  1.0D+00  2.6D-02  4.151D-05  4.533D-01
  676  711     0     0  con    0  1.0D+00  6.6D-03  3.221D-05  4.533D-01
  677  712     0     0  con    0  1.0D+00  2.0D-02  6.673D-05  4.533D-01
  678  713     0     0  con    0  1.0D+00  2.1D-02  1.043D-04  4.533D-01
  679  714     0     0  con    0  1.0D+00  6.2D-02  2.107D-04  4.533D-01
  680  715     0     0  con    0  1.0D+00  1.1D-01  3.153D-04  4.533D-01
  681  716     0     0  con    0  1.0D+00  2.2D-01  3.809D-04  4.533D-01
  682  717     0     0  con    0  1.0D+00  6.2D-01  5.744D-04  4.533D-01
  683  718     0     0  con    0  1.0D+00  5.4D-02  1.967D-04  4.532D-01
  684  719     0     0  con    0  1.0D+00  6.0D-02  7.837D-05  4.532D-01
  685  720     0     0  con    0  1.0D+00  4.1D-02  7.487D-05  4.532D-01
  686  721     0     0  con    0  1.0D+00  3.0D-02  9.160D-05  4.532D-01
  687  722     0     0  con    0  1.0D+00  8.7D-03  7.249D-05  4.532D-01
  688  723     0     0  con    0  1.0D+00  3.2D-02  3.785D-05  4.532D-01
  689  724     0     0  con    0  1.0D+00  4.7D-02  6.862D-05  4.532D-01
  690  725     0     0  con    0  1.0D+00  6.2D-02  9.169D-05  4.532D-01
  691  726     0     0  con    0  1.0D+00  3.2D-02  4.144D-05  4.532D-01
  692  727     0     0  con    0  1.0D+00  2.0D-02  3.590D-05  4.532D-01
  693  728     0     0  con    0  1.0D+00  4.5D-02  6.204D-05  4.532D-01
  694  729     0     0  con    0  1.0D+00  6.0D-02  1.084D-04  4.532D-01
  695  730     0     0  con    0  1.0D+00  1.9D-01  2.046D-04  4.532D-01
  696  731     0     0  con    0  1.0D+00  3.9D-01  3.326D-04  4.532D-01
  697  732     0     0  con    0  1.0D+00  5.2D-01  4.016D-04  4.532D-01
  698  733     0     0  con    0  1.0D+00  1.6D+00  6.048D-04  4.531D-01
  699  734     0     0  con    0  1.0D+00  1.0D+00  4.154D-04  4.531D-01
  700  735     0     0  con    0  1.0D+00  5.7D-01  1.145D-04  4.531D-01
  701  736     0     0  con    0  1.0D+00  7.9D-02  1.081D-04  4.531D-01
  702  737     0     0  con    0  1.0D+00  4.4D-02  1.387D-04  4.531D-01
  703  738     0     0  con    0  1.0D+00  6.5D-02  1.313D-04  4.531D-01
  704  739     0     0  con    0  1.0D+00  1.1D-01  1.403D-04  4.531D-01
  705  740     0     0  con    0  1.0D+00  1.0D-01  1.479D-04  4.531D-01
  706  741     0     0  con    0  1.0D+00  4.9D-02  1.072D-04  4.531D-01
  707  742     0     0  con    0  1.0D+00  6.1D-02  5.835D-05  4.531D-01
  708  743     0     0  con    0  1.0D+00  1.9D-02  5.990D-05  4.531D-01
  709  744     0     0  con    0  1.0D+00  4.7D-02  1.392D-04  4.531D-01
  710  745     0     0  con    0  1.0D+00  8.1D-02  1.715D-04  4.531D-01
  711  746     0     0  con    0  1.0D+00  2.8D-01  2.125D-04  4.531D-01
  712  747     0     0  con    0  1.0D+00  5.8D-01  2.494D-04  4.530D-01
  713  748     0     0  con    0  1.0D+00  1.0D+00  2.808D-04  4.530D-01
  714  749     0     0  con    0  1.0D+00  1.0D+00  2.926D-04  4.530D-01
  715  750     0     0  con    0  1.0D+00  2.3D-01  1.838D-04  4.530D-01
  716  751     0     0  con    0  1.0D+00  1.5D-01  1.759D-04  4.530D-01
  717  752     0     0  con    0  1.0D+00  4.5D-02  2.178D-04  4.530D-01
  718  753     0     0  con    0  1.0D+00  1.7D-01  3.101D-04  4.530D-01
  719  754     0     0  con    0  1.0D+00  2.8D-01  4.444D-04  4.529D-01
  720  755     0     0  con    0  1.0D+00  7.1D-02  1.726D-04  4.529D-01
  721  756     0     0  con    0  1.0D+00  5.3D-02  9.195D-05  4.529D-01
  722  757     0     0  con    0  1.0D+00  4.5D-02  8.505D-05  4.529D-01
  723  758     0     0  con    0  1.0D+00  3.8D-02  8.178D-05  4.529D-01
  724  759     0     0  con    0  1.0D+00  3.9D-02  7.620D-05  4.529D-01
  725  760     0     0  con    0  1.0D+00  6.4D-02  5.738D-05  4.529D-01
  726  761     0     0  con    0  1.0D+00  4.8D-02  1.314D-04  4.529D-01
  727  762     0     0  con    0  1.0D+00  9.3D-03  5.032D-05  4.529D-01
  728  763     0     0  con    0  1.0D+00  8.7D-03  4.193D-05  4.529D-01
  729  764     0     0  con    0  1.0D+00  3.2D-02  5.897D-05  4.529D-01
  730  765     0     0  con    0  1.0D+00  4.7D-02  1.109D-04  4.529D-01
  731  766     0     0  con    0  1.0D+00  1.3D-01  2.205D-04  4.529D-01
  732  767     0     0  con    0  1.0D+00  3.6D-01  4.299D-04  4.529D-01
  733  768     0     0  con    0  1.0D+00  3.6D-01  4.858D-04  4.529D-01
  734  769     0     0  con    0  1.0D+00  6.3D-01  3.728D-04  4.529D-01
  735  770     0     0  con    0  1.0D+00  5.6D-01  4.270D-04  4.529D-01
  736  771     0     0  con    0  1.0D+00  1.8D-02  7.462D-05  4.528D-01
  737  772     0     0  con    0  1.0D+00  7.6D-02  5.885D-05  4.528D-01
  738  773     0     0  con    0  1.0D+00  2.3D-02  3.947D-05  4.528D-01
  739  774     0     0  con    0  1.0D+00  2.2D-02  3.938D-05  4.528D-01
  740  775     0     0  con    0  1.0D+00  5.6D-02  9.782D-05  4.528D-01
  741  776     0     0  con    0  1.0D+00  1.7D-02  7.321D-05  4.528D-01
  742  777     0     0  con    0  1.0D+00  5.1D-02  6.176D-05  4.528D-01
  743  778     0     0  con    0  1.0D+00  7.4D-02  1.260D-04  4.528D-01
  744  779     0     0  con    0  1.0D+00  1.2D-01  1.497D-04  4.528D-01
  745  780     0     0  con    0  1.0D+00  7.5D-02  1.531D-04  4.528D-01
  746  781     0     0  con    0  1.0D+00  9.3D-02  1.217D-04  4.528D-01
  747  782     0     0  con    0  1.0D+00  5.6D-02  1.179D-04  4.528D-01
  748  783     0     0  con    0  1.0D+00  6.9D-02  1.882D-04  4.528D-01
  749  784     0     0  con    0  1.0D+00  1.1D-01  2.595D-04  4.528D-01
  750  785     0     0  con    0  1.0D+00  2.7D-01  3.737D-04  4.528D-01
  751  786     0     0  con    0  1.0D+00  3.2D-01  3.578D-04  4.528D-01
  752  787     0     0  con    0  1.0D+00  3.3D-01  1.808D-04  4.528D-01
  753  788     0     0  con    0  1.0D+00  4.3D-01  2.593D-04  4.528D-01
  754  789     0     0  con    0  1.0D+00  1.0D-01  1.664D-04  4.528D-01
  755  790     0     0  con    0  1.0D+00  1.2D-01  1.012D-04  4.528D-01
  756  791     0     0  con    0  1.0D+00  2.4D-01  9.573D-05  4.528D-01
  757  793     0     0  con    1  3.2D-01  5.1D-02  3.543D-05  4.528D-01
  758  794     0     0  con    0  1.0D+00  5.9D-02  3.499D-05  4.528D-01
  759  795     0     0  con    0  1.0D+00  4.1D-02  3.983D-05  4.528D-01
  760  796     0     0  con    0  1.0D+00  5.0D-02  7.396D-05  4.528D-01
  761  797     0     0  con    0  1.0D+00  6.8D-02  9.637D-05  4.528D-01
  762  798     0     0  con    0  1.0D+00  5.8D-02  1.136D-04  4.528D-01
  763  799     0     0  con    0  1.0D+00  9.5D-02  1.449D-04  4.528D-01
  764  800     0     0  con    0  1.0D+00  3.5D-02  1.417D-04  4.528D-01
  765  801     0     0  con    0  1.0D+00  8.1D-02  1.015D-04  4.527D-01
  766  802     0     0  con    0  1.0D+00  8.4D-02  9.347D-05  4.527D-01
  767  803     0     0  con    0  1.0D+00  6.9D-02  1.318D-04  4.527D-01
  768  805     0     0  con    1  4.6D-01  6.0D-02  1.521D-04  4.527D-01
  769  806     0     0  con    0  1.0D+00  1.0D-01  1.848D-04  4.527D-01
  770  807     0     0  con    0  1.0D+00  1.4D-01  2.224D-04  4.527D-01
  771  808     0     0  con    0  1.0D+00  2.3D-01  2.477D-04  4.527D-01
  772  809     0     0  con    0  1.0D+00  3.8D-01  2.546D-04  4.527D-01
  773  811     0     0  con    1  4.8D-01  3.4D-01  3.015D-04  4.527D-01
  774  812     0     0  con    0  1.0D+00  3.3D-01  1.598D-04  4.527D-01
  775  813     0     0  con    0  1.0D+00  1.2D-01  6.302D-05  4.527D-01
  776  814     0     0  con    0  1.0D+00  1.2D-01  8.640D-05  4.527D-01
  777  815     0     0  con    0  1.0D+00  6.6D-02  7.767D-05  4.527D-01
  778  816     0     0  con    0  1.0D+00  5.5D-02  7.312D-05  4.527D-01
  779  817     0     0  con    0  1.0D+00  1.6D-01  6.392D-05  4.527D-01
  780  818     0     0  con    0  1.0D+00  1.4D-01  6.790D-05  4.527D-01
  781  819     0     0  con    0  1.0D+00  1.4D-01  9.344D-05  4.527D-01
  782  820     0     0  con    0  1.0D+00  5.7D-02  3.722D-05  4.527D-01
  783  821     0     0  con    0  1.0D+00  2.2D-02  2.573D-05  4.527D-01
  784  822     0     0  con    0  1.0D+00  1.4D-02  4.222D-05  4.527D-01
  785  823     0     0  con    0  1.0D+00  1.7D-02  8.683D-05  4.527D-01
  786  824     0     0  con    0  1.0D+00  5.8D-02  1.643D-04  4.527D-01
  787  825     0     0  con    0  1.0D+00  6.4D-02  1.750D-04  4.527D-01
  788  826     0     0  con    0  1.0D+00  1.2D-01  1.237D-04  4.527D-01
  789  827     0     0  con    0  1.0D+00  7.1D-02  8.115D-05  4.527D-01
  790  828     0     0  con    0  1.0D+00  3.6D-02  6.655D-05  4.527D-01
  791  829     0     0  con    0  1.0D+00  3.6D-02  3.116D-05  4.527D-01
  792  830     0     0  con    0  1.0D+00  6.3D-02  3.064D-05  4.527D-01
  793  831     0     0  con    0  1.0D+00  1.7D-01  6.002D-05  4.527D-01
  794  832     0     0  con    0  1.0D+00  1.6D-01  6.545D-05  4.527D-01
  795  833     0     0  con    0  1.0D+00  8.6D-02  4.056D-05  4.527D-01
  796  834     0     0  con    0  1.0D+00  1.3D-02  2.754D-05  4.527D-01
  797  835     0     0  con    0  1.0D+00  1.9D-02  3.375D-05  4.527D-01
  798  836     0     0  con    0  1.0D+00  3.0D-02  5.149D-05  4.527D-01
  799  837     0     0  con    0  1.0D+00  5.3D-02  7.862D-05  4.527D-01
  800  838     0     0  con    0  1.0D+00  1.0D-01  1.257D-04  4.527D-01
  801  839     0     0  con    0  1.0D+00  2.9D-02  1.213D-04  4.527D-01
  802  840     0     0  con    0  1.0D+00  8.5D-02  1.152D-04  4.527D-01
  803  841     0     0  con    0  1.0D+00  1.3D-01  1.477D-04  4.526D-01
  804  842     0     0  con    0  1.0D+00  2.5D-01  1.857D-04  4.526D-01
  805  843     0     0  con    0  1.0D+00  3.1D-01  2.003D-04  4.526D-01
  806  845     0     0  con    1  2.7D-01  1.1D-01  1.938D-04  4.526D-01
  807  846     0     0  con    0  1.0D+00  1.0D-01  7.156D-05  4.526D-01
  808  847     0     0  con    0  1.0D+00  1.1D-02  4.829D-05  4.526D-01
  809  848     0     0  con    0  1.0D+00  1.2D-02  2.984D-05  4.526D-01
  810  849     0     0  con    0  1.0D+00  2.2D-02  4.178D-05  4.526D-01
  811  850     0     0  con    0  1.0D+00  4.9D-02  5.005D-05  4.526D-01
  812  851     0     0  con    0  1.0D+00  1.3D-01  1.033D-04  4.526D-01
  813  852     0     0  con    0  1.0D+00  1.4D-01  1.124D-04  4.526D-01
  814  853     0     0  con    0  1.0D+00  3.4D-01  7.874D-05  4.526D-01
  815  854     0     0  con    0  1.0D+00  2.6D-01  9.584D-05  4.526D-01
  816  855     0     0  con    0  1.0D+00  9.1D-02  4.085D-05  4.526D-01
  817  856     0     0  con    0  1.0D+00  1.9D-02  3.923D-05  4.526D-01
  818  857     0     0  con    0  1.0D+00  3.7D-02  5.617D-05  4.526D-01
  819  858     0     0  con    0  1.0D+00  8.4D-02  7.834D-05  4.526D-01
  820  859     0     0  con    0  1.0D+00  1.7D-01  9.345D-05  4.526D-01
  821  860     0     0  con    0  1.0D+00  2.3D-01  1.073D-04  4.526D-01
  822  861     0     0  con    0  1.0D+00  1.7D-02  2.805D-05  4.526D-01
  823  862     0     0  con    0  1.0D+00  2.3D-02  2.997D-05  4.526D-01
  824  863     0     0  con    0  1.0D+00  1.5D-02  3.800D-05  4.526D-01
  825  864     0     0  con    0  1.0D+00  7.4D-02  7.511D-05  4.526D-01
  826  865     0     0  con    0  1.0D+00  1.0D-01  1.384D-04  4.526D-01
  827  866     0     0  con    0  1.0D+00  1.3D-01  1.829D-04  4.526D-01
  828  867     0     0  con    0  1.0D+00  3.5D-01  2.181D-04  4.526D-01
  829  868     0     0  con    0  1.0D+00  5.8D-02  8.968D-05  4.526D-01
  830  869     0     0  con    0  1.0D+00  6.2D-02  5.706D-05  4.526D-01
  831  870     0     0  con    0  1.0D+00  3.5D-02  5.248D-05  4.526D-01
  832  871     0     0  con    0  1.0D+00  2.7D-02  6.062D-05  4.526D-01
  833  872     0     0  con    0  1.0D+00  1.6D-02  5.365D-05  4.526D-01
  834  873     0     0  con    0  1.0D+00  3.9D-02  5.205D-05  4.526D-01
  835  874     0     0  con    0  1.0D+00  6.1D-02  6.699D-05  4.526D-01
  836  875     0     0  con    0  1.0D+00  2.1D-01  9.030D-05  4.526D-01
  837  876     0     0  con    0  1.0D+00  2.6D-01  1.296D-04  4.526D-01
  838  877     0     0  con    0  1.0D+00  3.1D-02  4.961D-05  4.526D-01
  839  878     0     0  con    0  1.0D+00  2.2D-02  2.957D-05  4.526D-01
  840  879     0     0  con    0  1.0D+00  2.1D-02  1.545D-05  4.526D-01
  841  880     0     0  con    0  1.0D+00  2.5D-02  2.929D-05  4.526D-01
  842  881     0     0  con    0  1.0D+00  4.1D-02  5.895D-05  4.526D-01
  843  882     0     0  con    0  1.0D+00  6.2D-02  9.260D-05  4.526D-01
  844  883     0     0  con    0  1.0D+00  9.6D-02  1.513D-04  4.526D-01
  845  884     0     0  con    0  1.0D+00  6.2D-02  1.594D-04  4.526D-01
  846  885     0     0  con    0  1.0D+00  9.9D-02  1.123D-04  4.526D-01
  847  886     0     0  con    0  1.0D+00  5.9D-02  4.383D-05  4.526D-01
  848  887     0     0  con    0  1.0D+00  2.0D-02  7.331D-05  4.526D-01
  849  888     0     0  con    0  1.0D+00  1.2D-02  2.210D-05  4.526D-01
  850  889     0     0  con    0  1.0D+00  2.6D-02  2.453D-05  4.526D-01
  851  890     0     0  con    0  1.0D+00  3.4D-02  3.336D-05  4.526D-01
  852  891     0     0  con    0  1.0D+00  6.1D-02  4.118D-05  4.526D-01
  853  893     0     0  con    1  3.7D-01  3.8D-02  4.652D-05  4.526D-01
  854  894     0     0  con    0  1.0D+00  3.3D-02  2.118D-05  4.526D-01
  855  895     0     0  con    0  1.0D+00  1.2D-02  1.907D-05  4.526D-01
  856  896     0     0  con    0  1.0D+00  1.7D-02  2.406D-05  4.526D-01
  857  897     0     0  con    0  1.0D+00  2.5D-02  2.481D-05  4.526D-01
  858  898     0     0  con    0  1.0D+00  5.1D-02  3.114D-05  4.526D-01
  859  899     0     0  con    0  1.0D+00  4.6D-02  3.847D-05  4.526D-01
  860  900     0     0  con    0  1.0D+00  1.5D-02  3.583D-05  4.526D-01
  861  901     0     0  con    0  1.0D+00  2.1D-02  2.588D-05  4.526D-01
  862  902     0     0  con    0  1.0D+00  1.9D-02  2.586D-05  4.526D-01
  863  903     0     0  con    0  1.0D+00  4.9D-02  4.821D-05  4.526D-01
  864  904     0     0  con    0  1.0D+00  4.9D-02  8.056D-05  4.526D-01
  865  905     0     0  con    0  1.0D+00  9.3D-02  1.195D-04  4.526D-01
  866  906     0     0  con    0  1.0D+00  2.1D-01  1.651D-04  4.526D-01
  867  907     0     0  con    0  1.0D+00  1.9D-01  1.627D-04  4.526D-01
  868  908     0     0  con    0  1.0D+00  2.9D-01  1.437D-04  4.526D-01
  869  910     0     0  con    1  4.5D-01  1.1D-01  9.690D-05  4.526D-01
  870  911     0     0  con    0  1.0D+00  2.4D-02  4.699D-05  4.526D-01
  871  912     0     0  con    0  1.0D+00  1.4D-02  3.298D-05  4.526D-01
  872  913     0     0  con    0  1.0D+00  2.4D-02  4.238D-05  4.526D-01
  873  914     0     0  con    0  1.0D+00  3.7D-02  5.583D-05  4.526D-01
  874  915     0     0  con    0  1.0D+00  9.8D-02  8.439D-05  4.526D-01
  875  916     0     0  con    0  1.0D+00  1.7D-01  1.126D-04  4.526D-01
  876  917     0     0  con    0  1.0D+00  1.1D-01  1.134D-04  4.526D-01
  877  918     0     0  con    0  1.0D+00  1.0D-01  5.966D-05  4.526D-01
  878  920     0     0  con    1  3.8D-01  2.0D-02  3.749D-05  4.526D-01
  879  921     0     0  con    0  1.0D+00  1.7D-02  2.264D-05  4.526D-01
  880  922     0     0  con    0  1.0D+00  1.1D-02  1.720D-05  4.526D-01
  881  923     0     0  con    0  1.0D+00  1.6D-02  3.285D-05  4.526D-01
  882  924     0     0  con    0  1.0D+00  4.2D-02  6.765D-05  4.526D-01
  883  925     0     0  con    0  1.0D+00  1.0D-01  1.078D-04  4.526D-01
  884  926     0     0  con    0  1.0D+00  1.1D-01  8.082D-05  4.526D-01
  885  927     0     0  con    0  1.0D+00  1.2D-01  5.740D-05  4.525D-01
  886  928     0     0  con    0  1.0D+00  3.8D-02  3.837D-05  4.525D-01
  887  929     0     0  con    0  1.0D+00  1.2D-02  3.302D-05  4.525D-01
  888  930     0     0  con    0  1.0D+00  2.1D-02  3.403D-05  4.525D-01
  889  931     0     0  con    0  1.0D+00  9.7D-03  5.322D-05  4.525D-01
  890  932     0     0  con    0  1.0D+00  1.5D-02  5.926D-05  4.525D-01
  891  933     0     0  con    0  1.0D+00  8.2D-02  6.930D-05  4.525D-01
  892  934     0     0  con    0  1.0D+00  9.0D-02  8.602D-05  4.525D-01
  893  935     0     0  con    0  1.0D+00  1.7D-01  7.106D-05  4.525D-01
  894  936     0     0  con    0  1.0D+00  9.4D-02  8.051D-05  4.525D-01
  895  937     0     0  con    0  1.0D+00  2.4D-02  3.249D-05  4.525D-01
  896  938     0     0  con    0  1.0D+00  3.2D-02  3.031D-05  4.525D-01
  897  939     0     0  con    0  1.0D+00  3.1D-02  4.590D-05  4.525D-01
  898  940     0     0  con    0  1.0D+00  3.7D-02  4.678D-05  4.525D-01
  899  941     0     0  con    0  1.0D+00  5.0D-02  6.247D-05  4.525D-01
  900  942     0     0  con    0  1.0D+00  1.8D-01  1.906D-04  4.525D-01
  901  943     0     0  con    0  1.0D+00  6.2D-02  7.135D-05  4.525D-01
  902  944     0     0  con    0  1.0D+00  1.3D-01  9.498D-05  4.525D-01
  903  945     0     0  con    0  1.0D+00  3.3D-01  1.367D-04  4.525D-01
  904  946     0     0  con    0  1.0D+00  4.9D-01  1.577D-04  4.525D-01
  905  948     0     0  con    1  2.5D-01  2.4D-01  2.272D-04  4.525D-01
  906  949     0     0  con    0  1.0D+00  4.8D-01  1.000D-04  4.525D-01
  907  950     0     0  con    0  1.0D+00  7.7D-02  5.436D-05  4.525D-01
  908  951     0     0  con    0  1.0D+00  9.8D-03  2.943D-05  4.525D-01
  909  952     0     0  con    0  1.0D+00  4.0D-02  2.008D-05  4.525D-01
  910  953     0     0  con    0  1.0D+00  2.5D-02  3.384D-05  4.525D-01
  911  954     0     0  con    0  1.0D+00  2.5D-02  3.231D-05  4.525D-01
  912  955     0     0  con    0  1.0D+00  5.2D-02  4.357D-05  4.525D-01
  913  956     0     0  con    0  1.0D+00  8.1D-02  5.794D-05  4.525D-01
  914  957     0     0  con    0  1.0D+00  1.6D-01  6.555D-05  4.525D-01
  915  958     0     0  con    0  1.0D+00  6.2D-02  5.973D-05  4.525D-01
  916  959     0     0  con    0  1.0D+00  8.6D-02  3.219D-05  4.525D-01
  917  960     0     0  con    0  1.0D+00  4.1D-02  7.336D-05  4.525D-01
  918  961     0     0  con    0  1.0D+00  2.7D-02  5.673D-05  4.525D-01
  919  962     0     0  con    0  1.0D+00  2.1D-02  5.653D-05  4.525D-01
  920  963     0     0  con    0  1.0D+00  5.3D-02  6.270D-05  4.525D-01
  921  964     0     0  con    0  1.0D+00  6.8D-02  8.660D-05  4.525D-01
  922  965     0     0  con    0  1.0D+00  7.5D-02  1.017D-04  4.525D-01
  923  967     0     0  con    1  3.8D-01  3.9D-02  5.585D-05  4.525D-01
  924  968     0     0  con    0  1.0D+00  3.9D-02  2.795D-05  4.525D-01
  925  969     0     0  con    0  1.0D+00  5.1D-02  2.252D-05  4.525D-01
  926  970     0     0  con    0  1.0D+00  3.0D-02  2.611D-05  4.525D-01
  927  971     0     0  con    0  1.0D+00  9.8D-02  3.922D-05  4.525D-01
  928  972     0     0  con    0  1.0D+00  1.1D-01  7.924D-05  4.525D-01
  929  973     0     0  con    0  1.0D+00  6.4D-02  3.703D-05  4.525D-01
  930  974     0     0  con    0  1.0D+00  4.6D-02  2.304D-05  4.525D-01
  931  975     0     0  con    0  1.0D+00  3.6D-02  3.446D-05  4.525D-01
  932  976     0     0  con    0  1.0D+00  5.1D-02  4.829D-05  4.525D-01
  933  977     0     0  con    0  1.0D+00  8.0D-02  6.314D-05  4.525D-01
  934  978     0     0  con    0  1.0D+00  1.5D-01  1.111D-04  4.525D-01
  935  979     0     0  con    0  1.0D+00  1.0D-01  1.409D-04  4.525D-01
  936  980     0     0  con    0  1.0D+00  1.8D-01  1.433D-04  4.525D-01
  937  981     0     0  con    0  1.0D+00  2.2D-01  8.674D-05  4.525D-01
  938  983     0     0  con    1  4.3D-01  1.3D-01  9.025D-05  4.525D-01
  939  984     0     0  con    0  1.0D+00  7.7D-02  4.030D-05  4.525D-01
  940  985     0     0  con    0  1.0D+00  2.5D-02  7.076D-05  4.525D-01
  941  986     0     0  con    0  1.0D+00  3.4D-02  1.039D-04  4.525D-01
  942  987     0     0  con    0  1.0D+00  1.1D-01  1.517D-04  4.525D-01
  943  988     0     0  con    0  1.0D+00  3.0D-01  1.746D-04  4.525D-01
  944  989     0     0  con    0  1.0D+00  3.9D-01  2.085D-04  4.525D-01
  945  990     0     0  con    0  1.0D+00  2.9D-01  1.107D-04  4.525D-01
  946  991     0     0  con    0  1.0D+00  4.3D-02  5.160D-05  4.525D-01
  947  992     0     0  con    0  1.0D+00  3.9D-02  2.617D-05  4.525D-01
  948  993     0     0  con    0  1.0D+00  4.9D-02  4.369D-05  4.525D-01
  949  994     0     0  con    0  1.0D+00  1.4D-01  8.769D-05  4.525D-01
  950  995     0     0  con    0  1.0D+00  1.4D-01  7.033D-05  4.525D-01
  951  996     0     0  con    0  1.0D+00  2.9D-02  4.577D-05  4.525D-01
  952  997     0     0  con    0  1.0D+00  2.6D-02  2.809D-05  4.525D-01
  953  998     0     0  con    0  1.0D+00  3.2D-02  3.054D-05  4.525D-01
  954  999     0     0  con    0  1.0D+00  1.3D-01  5.486D-05  4.525D-01
  955 1000     0     0  con    0  1.0D+00  1.8D-01  6.450D-05  4.525D-01
  956 1001     0     0  con    0  1.0D+00  7.8D-03  3.399D-05  4.525D-01
  957 1002     0     0  con    0  1.0D+00  2.2D-02  2.182D-05  4.525D-01
  958 1003     0     0  con    0  1.0D+00  3.4D-02  2.441D-05  4.525D-01
  959 1004     0     0  con    0  1.0D+00  3.3D-02  2.645D-05  4.525D-01
  960 1005     0     0  con    0  1.0D+00  3.8D-02  4.515D-05  4.525D-01
  961 1006     0     0  con    0  1.0D+00  1.4D-02  5.469D-05  4.525D-01
  962 1007     0     0  con    0  1.0D+00  6.2D-02  1.130D-04  4.525D-01
  963 1008     0     0  con    0  1.0D+00  1.3D-01  1.504D-04  4.525D-01
  964 1009     0     0  con    0  1.0D+00  1.6D-01  1.555D-04  4.525D-01
  965 1010     0     0  con    0  1.0D+00  8.5D-01  2.159D-04  4.524D-01
  966 1011     0     0  con    0  1.0D+00  1.2D-01  9.898D-05  4.524D-01
  967 1012     0     0  con    0  1.0D+00  1.5D-01  2.346D-05  4.524D-01
  968 1013     0     0  con    0  1.0D+00  1.0D-02  2.811D-05  4.524D-01
  969 1014     0     0  con    0  1.0D+00  2.1D-02  4.362D-05  4.524D-01
  970 1015     0     0  con    0  1.0D+00  3.6D-02  8.201D-05  4.524D-01
  971 1016     0     0  con    0  1.0D+00  2.0D-02  3.584D-05  4.524D-01
  972 1017     0     0  con    0  1.0D+00  1.3D-02  2.025D-05  4.524D-01
  973 1018     0     0  con    0  1.0D+00  1.7D-02  2.478D-05  4.524D-01
  974 1019     0     0  con    0  1.0D+00  1.7D-02  3.115D-05  4.524D-01
  975 1020     0     0  con    0  1.0D+00  1.6D-02  4.042D-05  4.524D-01
  976 1021     0     0  con    0  1.0D+00  5.3D-02  4.813D-05  4.524D-01
  977 1022     0     0  con    0  1.0D+00  9.5D-02  7.415D-05  4.524D-01
  978 1023     0     0  con    0  1.0D+00  5.9D-02  6.882D-05  4.524D-01
  979 1024     0     0  con    0  1.0D+00  9.3D-02  4.243D-05  4.524D-01
  980 1025     0     0  con    0  1.0D+00  4.8D-02  6.659D-05  4.524D-01
  981 1026     0     0  con    0  1.0D+00  5.7D-02  7.977D-05  4.524D-01
  982 1027     0     0  con    0  1.0D+00  1.3D-02  7.219D-05  4.524D-01
  983 1028     0     0  con    0  1.0D+00  3.3D-02  6.522D-05  4.524D-01
  984 1029     0     0  con    0  1.0D+00  5.6D-02  6.416D-05  4.524D-01
  985 1031     0     0  con    1  4.5D-01  4.2D-02  7.180D-05  4.524D-01
  986 1032     0     0  con    0  1.0D+00  5.2D-02  7.543D-05  4.524D-01
  987 1033     0     0  con    0  1.0D+00  1.5D-02  5.301D-05  4.524D-01
  988 1034     0     0  con    0  1.0D+00  2.1D-02  3.651D-05  4.524D-01
  989 1035     0     0  con    0  1.0D+00  2.8D-02  3.039D-05  4.524D-01
  990 1036     0     0  con    0  1.0D+00  2.5D-02  2.819D-05  4.524D-01
  991 1037     0     0  con    0  1.0D+00  3.3D-02  1.685D-05  4.524D-01
  992 1038     0     0  con    0  1.0D+00  1.3D-02  2.154D-05  4.524D-01
  993 1039     0     0  con    0  1.0D+00  1.8D-03  1.335D-05  4.524D-01
  994 1040     0     0  con    0  1.0D+00  5.9D-03  1.977D-05  4.524D-01
  995 1041     0     0  con    0  1.0D+00  7.0D-03  3.299D-05  4.524D-01
  996 1042     0     0  con    0  1.0D+00  1.7D-02  4.432D-05  4.524D-01
  997 1043     0     0  con    0  1.0D+00  4.7D-02  1.079D-04  4.524D-01
  998 1044     0     0  con    0  1.0D+00  5.1D-02  8.611D-05  4.524D-01
  999 1045     0     0  con    0  1.0D+00  7.4D-02  6.735D-05  4.524D-01
 1000 1046     0     0  con    0  1.0D+00  9.3D-02  6.418D-05  4.524D-01
 1001 1047     0     0  con    0  1.0D+00  3.3D-02  3.288D-05  4.524D-01
 1002 1048     0     0  con    0  1.0D+00  1.3D-02  1.624D-05  4.524D-01
 1003 1049     0     0  con    0  1.0D+00  4.2D-03  1.012D-05  4.524D-01
 1004 1050     0     0  con    0  1.0D+00  1.4D-02  1.761D-05  4.524D-01
 1005 1051     0     0  con    0  1.0D+00  2.9D-02  2.847D-05  4.524D-01
 1006 1052     0     0  con    0  1.0D+00  8.2D-02  4.791D-05  4.524D-01
 1007 1053     0     0  con    0  1.0D+00  3.9D-02  3.576D-05  4.524D-01
 1008 1054     0     0  con    0  1.0D+00  2.2D-02  2.019D-05  4.524D-01
 1009 1055     0     0  con    0  1.0D+00  1.8D-02  2.315D-05  4.524D-01
 1010 1056     0     0  con    0  1.0D+00  1.0D-02  3.120D-05  4.524D-01
 1011 1057     0     0  con    0  1.0D+00  3.0D-03  2.489D-05  4.524D-01
 1012 1058     0     0  con    0  1.0D+00  1.5D-02  2.223D-05  4.524D-01
 1013 1059     0     0  con    0  1.0D+00  1.1D-02  2.213D-05  4.524D-01
 1014 1060     0     0  con    0  1.0D+00  3.3D-02  4.222D-05  4.524D-01
 1015 1061     0     0  con    0  1.0D+00  8.0D-03  1.824D-05  4.524D-01
 1016 1062     0     0  con    0  1.0D+00  1.1D-02  2.285D-05  4.524D-01
 1017 1063     0     0  con    0  1.0D+00  2.4D-02  2.569D-05  4.524D-01
 1018 1064     0     0  con    0  1.0D+00  4.9D-02  8.582D-05  4.524D-01
 1019 1065     0     0  con    0  1.0D+00  1.5D-02  2.871D-05  4.524D-01
 1020 1066     0     0  con    0  1.0D+00  1.3D-02  1.402D-05  4.524D-01
 1021 1067     0     0  con    0  1.0D+00  1.4D-02  9.880D-06  4.524D-01

CONVERGENCE: NORM_OF_PROJECTED_GRADIENT_<=_PGTOL            

 Total User time 0.000E+00 seconds.

